category,sample_id,label,image_score
mvtec_candle,D:\STUDY\My_github\sci_project\data\patchcore_closeout\visa_s0_k1\candle\test\bad\000.JPG,1,0.07746002823114395
mvtec_candle,D:\STUDY\My_github\sci_project\data\patchcore_closeout\visa_s0_k1\candle\test\bad\001.JPG,1,0.4036872684955597
mvtec_candle,D:\STUDY\My_github\sci_project\data\patchcore_closeout\visa_s0_k1\candle\test\bad\002.JPG,1,0.2021443396806717
mvtec_candle,D:\STUDY\My_github\sci_project\data\patchcore_closeout\visa_s0_k1\candle\test\bad\003.JPG,1,0.14780746400356293
mvtec_candle,D:\STUDY\My_github\sci_project\data\patchcore_closeout\visa_s0_k1\candle\test\bad\004.JPG,1,0.3440222144126892
mvtec_candle,D:\STUDY\My_github\sci_project\data\patchcore_closeout\visa_s0_k1\candle\test\bad\005.JPG,1,0.2796013653278351
mvtec_candle,D:\STUDY\My_github\sci_project\data\patchcore_closeout\visa_s0_k1\candle\test\bad\006.JPG,1,0.3484053909778595
mvtec_candle,D:\STUDY\My_github\sci_project\data\patchcore_closeout\visa_s0_k1\candle\test\bad\007.JPG,1,0.3565373420715332
mvtec_candle,D:\STUDY\My_github\sci_project\data\patchcore_closeout\visa_s0_k1\candle\test\bad\008.JPG,1,0.20822440087795258
mvtec_candle,D:\STUDY\My_github\sci_project\data\patchcore_closeout\visa_s0_k1\candle\test\bad\009.JPG,1,0.375936895608902
mvtec_candle,D:\STUDY\My_github\sci_project\data\patchcore_closeout\visa_s0_k1\candle\test\bad\010.JPG,1,0.1761094629764557
mvtec_candle,D:\STUDY\My_github\sci_project\data\patchcore_closeout\visa_s0_k1\candle\test\bad\011.JPG,1,0.05773337930440903
mvtec_candle,D:\STUDY\My_github\sci_project\data\patchcore_closeout\visa_s0_k1\candle\test\bad\012.JPG,1,0.194954976439476
mvtec_candle,D:\STUDY\My_github\sci_project\data\patchcore_closeout\visa_s0_k1\candle\test\bad\013.JPG,1,0.23675335943698883
mvtec_candle,D:\STUDY\My_github\sci_project\data\patchcore_closeout\visa_s0_k1\candle\test\bad\014.JPG,1,0.07834506034851074
mvtec_candle,D:\STUDY\My_github\sci_project\data\patchcore_closeout\visa_s0_k1\candle\test\bad\015.JPG,1,0.1724245399236679
mvtec_candle,D:\STUDY\My_github\sci_project\data\patchcore_closeout\visa_s0_k1\candle\test\bad\016.JPG,1,0.18620873987674713
mvtec_candle,D:\STUDY\My_github\sci_project\data\patchcore_closeout\visa_s0_k1\candle\test\bad\017.JPG,1,0.05559276416897774
mvtec_candle,D:\STUDY\My_github\sci_project\data\patchcore_closeout\visa_s0_k1\candle\test\bad\018.JPG,1,0.010189813561737537
mvtec_candle,D:\STUDY\My_github\sci_project\data\patchcore_closeout\visa_s0_k1\candle\test\bad\019.JPG,1,0.16452345252037048
mvtec_candle,D:\STUDY\My_github\sci_project\data\patchcore_closeout\visa_s0_k1\candle\test\bad\020.JPG,1,0.3561568856239319
mvtec_candle,D:\STUDY\My_github\sci_project\data\patchcore_closeout\visa_s0_k1\candle\test\bad\021.JPG,1,0.11742419749498367
mvtec_candle,D:\STUDY\My_github\sci_project\data\patchcore_closeout\visa_s0_k1\candle\test\bad\022.JPG,1,0.19386804103851318
mvtec_candle,D:\STUDY\My_github\sci_project\data\patchcore_closeout\visa_s0_k1\candle\test\bad\023.JPG,1,0.09542861580848694
mvtec_candle,D:\STUDY\My_github\sci_project\data\patchcore_closeout\visa_s0_k1\candle\test\bad\024.JPG,1,0.3151835799217224
mvtec_candle,D:\STUDY\My_github\sci_project\data\patchcore_closeout\visa_s0_k1\candle\test\bad\025.JPG,1,0.21201065182685852
mvtec_candle,D:\STUDY\My_github\sci_project\data\patchcore_closeout\visa_s0_k1\candle\test\bad\026.JPG,1,0.2491164654493332
mvtec_candle,D:\STUDY\My_github\sci_project\data\patchcore_closeout\visa_s0_k1\candle\test\bad\027.JPG,1,0.23328040540218353
mvtec_candle,D:\STUDY\My_github\sci_project\data\patchcore_closeout\visa_s0_k1\candle\test\bad\028.JPG,1,0.2969781458377838
mvtec_candle,D:\STUDY\My_github\sci_project\data\patchcore_closeout\visa_s0_k1\candle\test\bad\029.JPG,1,0.33844223618507385
mvtec_candle,D:\STUDY\My_github\sci_project\data\patchcore_closeout\visa_s0_k1\candle\test\bad\030.JPG,1,0.6253291964530945
mvtec_candle,D:\STUDY\My_github\sci_project\data\patchcore_closeout\visa_s0_k1\candle\test\bad\031.JPG,1,0.11506862193346024
mvtec_candle,D:\STUDY\My_github\sci_project\data\patchcore_closeout\visa_s0_k1\candle\test\bad\032.JPG,1,0.18279124796390533
mvtec_candle,D:\STUDY\My_github\sci_project\data\patchcore_closeout\visa_s0_k1\candle\test\bad\033.JPG,1,0.10756266862154007
mvtec_candle,D:\STUDY\My_github\sci_project\data\patchcore_closeout\visa_s0_k1\candle\test\bad\034.JPG,1,0.06810667365789413
mvtec_candle,D:\STUDY\My_github\sci_project\data\patchcore_closeout\visa_s0_k1\candle\test\bad\035.JPG,1,0.2546868622303009
mvtec_candle,D:\STUDY\My_github\sci_project\data\patchcore_closeout\visa_s0_k1\candle\test\bad\036.JPG,1,0.097052663564682
mvtec_candle,D:\STUDY\My_github\sci_project\data\patchcore_closeout\visa_s0_k1\candle\test\bad\037.JPG,1,0.1764041781425476
mvtec_candle,D:\STUDY\My_github\sci_project\data\patchcore_closeout\visa_s0_k1\candle\test\bad\038.JPG,1,0.21777023375034332
mvtec_candle,D:\STUDY\My_github\sci_project\data\patchcore_closeout\visa_s0_k1\candle\test\bad\039.JPG,1,0.201212540268898
mvtec_candle,D:\STUDY\My_github\sci_project\data\patchcore_closeout\visa_s0_k1\candle\test\bad\040.JPG,1,0.09051479399204254
mvtec_candle,D:\STUDY\My_github\sci_project\data\patchcore_closeout\visa_s0_k1\candle\test\bad\041.JPG,1,0.16789327561855316
mvtec_candle,D:\STUDY\My_github\sci_project\data\patchcore_closeout\visa_s0_k1\candle\test\bad\042.JPG,1,0.23077282309532166
mvtec_candle,D:\STUDY\My_github\sci_project\data\patchcore_closeout\visa_s0_k1\candle\test\bad\043.JPG,1,0.23558922111988068
mvtec_candle,D:\STUDY\My_github\sci_project\data\patchcore_closeout\visa_s0_k1\candle\test\bad\044.JPG,1,0.1973501294851303
mvtec_candle,D:\STUDY\My_github\sci_project\data\patchcore_closeout\visa_s0_k1\candle\test\bad\045.JPG,1,0.3037903308868408
mvtec_candle,D:\STUDY\My_github\sci_project\data\patchcore_closeout\visa_s0_k1\candle\test\bad\046.JPG,1,0.2144576758146286
mvtec_candle,D:\STUDY\My_github\sci_project\data\patchcore_closeout\visa_s0_k1\candle\test\bad\047.JPG,1,0.06626736372709274
mvtec_candle,D:\STUDY\My_github\sci_project\data\patchcore_closeout\visa_s0_k1\candle\test\bad\048.JPG,1,0.22424814105033875
mvtec_candle,D:\STUDY\My_github\sci_project\data\patchcore_closeout\visa_s0_k1\candle\test\bad\049.JPG,1,0.14503544569015503
mvtec_candle,D:\STUDY\My_github\sci_project\data\patchcore_closeout\visa_s0_k1\candle\test\bad\050.JPG,1,0.05752081796526909
mvtec_candle,D:\STUDY\My_github\sci_project\data\patchcore_closeout\visa_s0_k1\candle\test\bad\051.JPG,1,0.06186531111598015
mvtec_candle,D:\STUDY\My_github\sci_project\data\patchcore_closeout\visa_s0_k1\candle\test\bad\052.JPG,1,0.06096829101443291
mvtec_candle,D:\STUDY\My_github\sci_project\data\patchcore_closeout\visa_s0_k1\candle\test\bad\053.JPG,1,0.15685410797595978
mvtec_candle,D:\STUDY\My_github\sci_project\data\patchcore_closeout\visa_s0_k1\candle\test\bad\054.JPG,1,0.08726039528846741
mvtec_candle,D:\STUDY\My_github\sci_project\data\patchcore_closeout\visa_s0_k1\candle\test\bad\055.JPG,1,0.23199573159217834
mvtec_candle,D:\STUDY\My_github\sci_project\data\patchcore_closeout\visa_s0_k1\candle\test\bad\056.JPG,1,0.1614942103624344
mvtec_candle,D:\STUDY\My_github\sci_project\data\patchcore_closeout\visa_s0_k1\candle\test\bad\057.JPG,1,0.32216575741767883
mvtec_candle,D:\STUDY\My_github\sci_project\data\patchcore_closeout\visa_s0_k1\candle\test\bad\058.JPG,1,0.05833838880062103
mvtec_candle,D:\STUDY\My_github\sci_project\data\patchcore_closeout\visa_s0_k1\candle\test\bad\059.JPG,1,0.05830451101064682
mvtec_candle,D:\STUDY\My_github\sci_project\data\patchcore_closeout\visa_s0_k1\candle\test\bad\060.JPG,1,0.15165066719055176
mvtec_candle,D:\STUDY\My_github\sci_project\data\patchcore_closeout\visa_s0_k1\candle\test\bad\061.JPG,1,0.5745183229446411
mvtec_candle,D:\STUDY\My_github\sci_project\data\patchcore_closeout\visa_s0_k1\candle\test\bad\062.JPG,1,0.10953569412231445
mvtec_candle,D:\STUDY\My_github\sci_project\data\patchcore_closeout\visa_s0_k1\candle\test\bad\063.JPG,1,0.5335321426391602
mvtec_candle,D:\STUDY\My_github\sci_project\data\patchcore_closeout\visa_s0_k1\candle\test\bad\064.JPG,1,0.6517031192779541
mvtec_candle,D:\STUDY\My_github\sci_project\data\patchcore_closeout\visa_s0_k1\candle\test\bad\065.JPG,1,0.259308397769928
mvtec_candle,D:\STUDY\My_github\sci_project\data\patchcore_closeout\visa_s0_k1\candle\test\bad\066.JPG,1,0.21613988280296326
mvtec_candle,D:\STUDY\My_github\sci_project\data\patchcore_closeout\visa_s0_k1\candle\test\bad\067.JPG,1,0.19773268699645996
mvtec_candle,D:\STUDY\My_github\sci_project\data\patchcore_closeout\visa_s0_k1\candle\test\bad\068.JPG,1,1.0
mvtec_candle,D:\STUDY\My_github\sci_project\data\patchcore_closeout\visa_s0_k1\candle\test\bad\069.JPG,1,0.21669812500476837
mvtec_candle,D:\STUDY\My_github\sci_project\data\patchcore_closeout\visa_s0_k1\candle\test\bad\070.JPG,1,0.5079574584960938
mvtec_candle,D:\STUDY\My_github\sci_project\data\patchcore_closeout\visa_s0_k1\candle\test\bad\071.JPG,1,0.2399493008852005
mvtec_candle,D:\STUDY\My_github\sci_project\data\patchcore_closeout\visa_s0_k1\candle\test\bad\072.JPG,1,0.29066002368927
mvtec_candle,D:\STUDY\My_github\sci_project\data\patchcore_closeout\visa_s0_k1\candle\test\bad\073.JPG,1,0.25925230979919434
mvtec_candle,D:\STUDY\My_github\sci_project\data\patchcore_closeout\visa_s0_k1\candle\test\bad\074.JPG,1,0.3118925988674164
mvtec_candle,D:\STUDY\My_github\sci_project\data\patchcore_closeout\visa_s0_k1\candle\test\bad\075.JPG,1,0.1856873780488968
mvtec_candle,D:\STUDY\My_github\sci_project\data\patchcore_closeout\visa_s0_k1\candle\test\bad\076.JPG,1,0.1195630133152008
mvtec_candle,D:\STUDY\My_github\sci_project\data\patchcore_closeout\visa_s0_k1\candle\test\bad\077.JPG,1,0.34878793358802795
mvtec_candle,D:\STUDY\My_github\sci_project\data\patchcore_closeout\visa_s0_k1\candle\test\bad\078.JPG,1,0.5417758822441101
mvtec_candle,D:\STUDY\My_github\sci_project\data\patchcore_closeout\visa_s0_k1\candle\test\bad\079.JPG,1,0.28313279151916504
mvtec_candle,D:\STUDY\My_github\sci_project\data\patchcore_closeout\visa_s0_k1\candle\test\bad\080.JPG,1,0.17911891639232635
mvtec_candle,D:\STUDY\My_github\sci_project\data\patchcore_closeout\visa_s0_k1\candle\test\bad\081.JPG,1,0.38595011830329895
mvtec_candle,D:\STUDY\My_github\sci_project\data\patchcore_closeout\visa_s0_k1\candle\test\bad\082.JPG,1,0.3655947744846344
mvtec_candle,D:\STUDY\My_github\sci_project\data\patchcore_closeout\visa_s0_k1\candle\test\bad\083.JPG,1,0.39662113785743713
mvtec_candle,D:\STUDY\My_github\sci_project\data\patchcore_closeout\visa_s0_k1\candle\test\bad\084.JPG,1,0.651982843875885
mvtec_candle,D:\STUDY\My_github\sci_project\data\patchcore_closeout\visa_s0_k1\candle\test\bad\085.JPG,1,0.39432430267333984
mvtec_candle,D:\STUDY\My_github\sci_project\data\patchcore_closeout\visa_s0_k1\candle\test\bad\086.JPG,1,0.36689475178718567
mvtec_candle,D:\STUDY\My_github\sci_project\data\patchcore_closeout\visa_s0_k1\candle\test\bad\087.JPG,1,0.5550129413604736
mvtec_candle,D:\STUDY\My_github\sci_project\data\patchcore_closeout\visa_s0_k1\candle\test\bad\088.JPG,1,0.2059941440820694
mvtec_candle,D:\STUDY\My_github\sci_project\data\patchcore_closeout\visa_s0_k1\candle\test\bad\089.JPG,1,0.3482803702354431
mvtec_candle,D:\STUDY\My_github\sci_project\data\patchcore_closeout\visa_s0_k1\candle\test\bad\090.JPG,1,0.31721535325050354
mvtec_candle,D:\STUDY\My_github\sci_project\data\patchcore_closeout\visa_s0_k1\candle\test\bad\091.JPG,1,0.2595224380493164
mvtec_candle,D:\STUDY\My_github\sci_project\data\patchcore_closeout\visa_s0_k1\candle\test\bad\092.JPG,1,0.46935829520225525
mvtec_candle,D:\STUDY\My_github\sci_project\data\patchcore_closeout\visa_s0_k1\candle\test\bad\093.JPG,1,0.25672584772109985
mvtec_candle,D:\STUDY\My_github\sci_project\data\patchcore_closeout\visa_s0_k1\candle\test\bad\094.JPG,1,0.2032158374786377
mvtec_candle,D:\STUDY\My_github\sci_project\data\patchcore_closeout\visa_s0_k1\candle\test\bad\095.JPG,1,0.17777489125728607
mvtec_candle,D:\STUDY\My_github\sci_project\data\patchcore_closeout\visa_s0_k1\candle\test\bad\096.JPG,1,0.5078150629997253
mvtec_candle,D:\STUDY\My_github\sci_project\data\patchcore_closeout\visa_s0_k1\candle\test\bad\097.JPG,1,0.4122254252433777
mvtec_candle,D:\STUDY\My_github\sci_project\data\patchcore_closeout\visa_s0_k1\candle\test\bad\098.JPG,1,0.20316097140312195
mvtec_candle,D:\STUDY\My_github\sci_project\data\patchcore_closeout\visa_s0_k1\candle\test\bad\099.JPG,1,0.7003440260887146
mvtec_candle,D:\STUDY\My_github\sci_project\data\patchcore_closeout\visa_s0_k1\candle\test\good\0011.JPG,0,0.018972935155034065
mvtec_candle,D:\STUDY\My_github\sci_project\data\patchcore_closeout\visa_s0_k1\candle\test\good\0013.JPG,0,0.04497722536325455
mvtec_candle,D:\STUDY\My_github\sci_project\data\patchcore_closeout\visa_s0_k1\candle\test\good\0016.JPG,0,0.03199082240462303
mvtec_candle,D:\STUDY\My_github\sci_project\data\patchcore_closeout\visa_s0_k1\candle\test\good\0024.JPG,0,0.07966899871826172
mvtec_candle,D:\STUDY\My_github\sci_project\data\patchcore_closeout\visa_s0_k1\candle\test\good\0026.JPG,0,0.05208323523402214
mvtec_candle,D:\STUDY\My_github\sci_project\data\patchcore_closeout\visa_s0_k1\candle\test\good\0027.JPG,0,0.02068512886762619
mvtec_candle,D:\STUDY\My_github\sci_project\data\patchcore_closeout\visa_s0_k1\candle\test\good\0046.JPG,0,0.035734500735998154
mvtec_candle,D:\STUDY\My_github\sci_project\data\patchcore_closeout\visa_s0_k1\candle\test\good\0100.JPG,0,0.10080953687429428
mvtec_candle,D:\STUDY\My_github\sci_project\data\patchcore_closeout\visa_s0_k1\candle\test\good\0107.JPG,0,0.2821008563041687
mvtec_candle,D:\STUDY\My_github\sci_project\data\patchcore_closeout\visa_s0_k1\candle\test\good\0159.JPG,0,0.11111567169427872
mvtec_candle,D:\STUDY\My_github\sci_project\data\patchcore_closeout\visa_s0_k1\candle\test\good\0168.JPG,0,0.009482869878411293
mvtec_candle,D:\STUDY\My_github\sci_project\data\patchcore_closeout\visa_s0_k1\candle\test\good\0170.JPG,0,0.06961949914693832
mvtec_candle,D:\STUDY\My_github\sci_project\data\patchcore_closeout\visa_s0_k1\candle\test\good\0172.JPG,0,0.03260092809796333
mvtec_candle,D:\STUDY\My_github\sci_project\data\patchcore_closeout\visa_s0_k1\candle\test\good\0174.JPG,0,0.07660063356161118
mvtec_candle,D:\STUDY\My_github\sci_project\data\patchcore_closeout\visa_s0_k1\candle\test\good\0178.JPG,0,0.02720831334590912
mvtec_candle,D:\STUDY\My_github\sci_project\data\patchcore_closeout\visa_s0_k1\candle\test\good\0187.JPG,0,0.05474790930747986
mvtec_candle,D:\STUDY\My_github\sci_project\data\patchcore_closeout\visa_s0_k1\candle\test\good\0196.JPG,0,0.05839325487613678
mvtec_candle,D:\STUDY\My_github\sci_project\data\patchcore_closeout\visa_s0_k1\candle\test\good\0208.JPG,0,0.15972685813903809
mvtec_candle,D:\STUDY\My_github\sci_project\data\patchcore_closeout\visa_s0_k1\candle\test\good\0214.JPG,0,0.027668215334415436
mvtec_candle,D:\STUDY\My_github\sci_project\data\patchcore_closeout\visa_s0_k1\candle\test\good\0215.JPG,0,0.057884182780981064
mvtec_candle,D:\STUDY\My_github\sci_project\data\patchcore_closeout\visa_s0_k1\candle\test\good\0237.JPG,0,0.07800882309675217
mvtec_candle,D:\STUDY\My_github\sci_project\data\patchcore_closeout\visa_s0_k1\candle\test\good\0261.JPG,0,0.0735238716006279
mvtec_candle,D:\STUDY\My_github\sci_project\data\patchcore_closeout\visa_s0_k1\candle\test\good\0286.JPG,0,0.11649509519338608
mvtec_candle,D:\STUDY\My_github\sci_project\data\patchcore_closeout\visa_s0_k1\candle\test\good\0294.JPG,0,0.09281160682439804
mvtec_candle,D:\STUDY\My_github\sci_project\data\patchcore_closeout\visa_s0_k1\candle\test\good\0297.JPG,0,0.09031781554222107
mvtec_candle,D:\STUDY\My_github\sci_project\data\patchcore_closeout\visa_s0_k1\candle\test\good\0303.JPG,0,0.02643091417849064
mvtec_candle,D:\STUDY\My_github\sci_project\data\patchcore_closeout\visa_s0_k1\candle\test\good\0306.JPG,0,0.04598577320575714
mvtec_candle,D:\STUDY\My_github\sci_project\data\patchcore_closeout\visa_s0_k1\candle\test\good\0320.JPG,0,0.04064112901687622
mvtec_candle,D:\STUDY\My_github\sci_project\data\patchcore_closeout\visa_s0_k1\candle\test\good\0333.JPG,0,0.03442344814538956
mvtec_candle,D:\STUDY\My_github\sci_project\data\patchcore_closeout\visa_s0_k1\candle\test\good\0363.JPG,0,0.1255330592393875
mvtec_candle,D:\STUDY\My_github\sci_project\data\patchcore_closeout\visa_s0_k1\candle\test\good\0377.JPG,0,0.12633293867111206
mvtec_candle,D:\STUDY\My_github\sci_project\data\patchcore_closeout\visa_s0_k1\candle\test\good\0394.JPG,0,0.08500435203313828
mvtec_candle,D:\STUDY\My_github\sci_project\data\patchcore_closeout\visa_s0_k1\candle\test\good\0400.JPG,0,0.14183922111988068
mvtec_candle,D:\STUDY\My_github\sci_project\data\patchcore_closeout\visa_s0_k1\candle\test\good\0402.JPG,0,0.04574742913246155
mvtec_candle,D:\STUDY\My_github\sci_project\data\patchcore_closeout\visa_s0_k1\candle\test\good\0417.JPG,0,0.13261732459068298
mvtec_candle,D:\STUDY\My_github\sci_project\data\patchcore_closeout\visa_s0_k1\candle\test\good\0423.JPG,0,0.024867724627256393
mvtec_candle,D:\STUDY\My_github\sci_project\data\patchcore_closeout\visa_s0_k1\candle\test\good\0427.JPG,0,0.10707128793001175
mvtec_candle,D:\STUDY\My_github\sci_project\data\patchcore_closeout\visa_s0_k1\candle\test\good\0457.JPG,0,0.047902435064315796
mvtec_candle,D:\STUDY\My_github\sci_project\data\patchcore_closeout\visa_s0_k1\candle\test\good\0469.JPG,0,0.0764143094420433
mvtec_candle,D:\STUDY\My_github\sci_project\data\patchcore_closeout\visa_s0_k1\candle\test\good\0479.JPG,0,0.03483838215470314
mvtec_candle,D:\STUDY\My_github\sci_project\data\patchcore_closeout\visa_s0_k1\candle\test\good\0483.JPG,0,0.09500379115343094
mvtec_candle,D:\STUDY\My_github\sci_project\data\patchcore_closeout\visa_s0_k1\candle\test\good\0484.JPG,0,0.004232064355164766
mvtec_candle,D:\STUDY\My_github\sci_project\data\patchcore_closeout\visa_s0_k1\candle\test\good\0488.JPG,0,0.07254980504512787
mvtec_candle,D:\STUDY\My_github\sci_project\data\patchcore_closeout\visa_s0_k1\candle\test\good\0490.JPG,0,0.006732448004186153
mvtec_candle,D:\STUDY\My_github\sci_project\data\patchcore_closeout\visa_s0_k1\candle\test\good\0514.JPG,0,0.018150268122553825
mvtec_candle,D:\STUDY\My_github\sci_project\data\patchcore_closeout\visa_s0_k1\candle\test\good\0518.JPG,0,0.1314818114042282
mvtec_candle,D:\STUDY\My_github\sci_project\data\patchcore_closeout\visa_s0_k1\candle\test\good\0520.JPG,0,0.008820897899568081
mvtec_candle,D:\STUDY\My_github\sci_project\data\patchcore_closeout\visa_s0_k1\candle\test\good\0525.JPG,0,0.06840138882398605
mvtec_candle,D:\STUDY\My_github\sci_project\data\patchcore_closeout\visa_s0_k1\candle\test\good\0545.JPG,0,0.12595398724079132
mvtec_candle,D:\STUDY\My_github\sci_project\data\patchcore_closeout\visa_s0_k1\candle\test\good\0552.JPG,0,0.0494680255651474
mvtec_candle,D:\STUDY\My_github\sci_project\data\patchcore_closeout\visa_s0_k1\candle\test\good\0569.JPG,0,0.16013218462467194
mvtec_candle,D:\STUDY\My_github\sci_project\data\patchcore_closeout\visa_s0_k1\candle\test\good\0615.JPG,0,0.03376387432217598
mvtec_candle,D:\STUDY\My_github\sci_project\data\patchcore_closeout\visa_s0_k1\candle\test\good\0617.JPG,0,0.041557036340236664
mvtec_candle,D:\STUDY\My_github\sci_project\data\patchcore_closeout\visa_s0_k1\candle\test\good\0619.JPG,0,0.12124103307723999
mvtec_candle,D:\STUDY\My_github\sci_project\data\patchcore_closeout\visa_s0_k1\candle\test\good\0621.JPG,0,0.042052317410707474
mvtec_candle,D:\STUDY\My_github\sci_project\data\patchcore_closeout\visa_s0_k1\candle\test\good\0629.JPG,0,0.1985718458890915
mvtec_candle,D:\STUDY\My_github\sci_project\data\patchcore_closeout\visa_s0_k1\candle\test\good\0631.JPG,0,0.09851512312889099
mvtec_candle,D:\STUDY\My_github\sci_project\data\patchcore_closeout\visa_s0_k1\candle\test\good\0648.JPG,0,0.11555130779743195
mvtec_candle,D:\STUDY\My_github\sci_project\data\patchcore_closeout\visa_s0_k1\candle\test\good\0654.JPG,0,0.20636381208896637
mvtec_candle,D:\STUDY\My_github\sci_project\data\patchcore_closeout\visa_s0_k1\candle\test\good\0657.JPG,0,0.06510771065950394
mvtec_candle,D:\STUDY\My_github\sci_project\data\patchcore_closeout\visa_s0_k1\candle\test\good\0659.JPG,0,0.08225782960653305
mvtec_candle,D:\STUDY\My_github\sci_project\data\patchcore_closeout\visa_s0_k1\candle\test\good\0674.JPG,0,0.035208042711019516
mvtec_candle,D:\STUDY\My_github\sci_project\data\patchcore_closeout\visa_s0_k1\candle\test\good\0684.JPG,0,0.1617916226387024
mvtec_candle,D:\STUDY\My_github\sci_project\data\patchcore_closeout\visa_s0_k1\candle\test\good\0685.JPG,0,0.048631563782691956
mvtec_candle,D:\STUDY\My_github\sci_project\data\patchcore_closeout\visa_s0_k1\candle\test\good\0688.JPG,0,0.09708564728498459
mvtec_candle,D:\STUDY\My_github\sci_project\data\patchcore_closeout\visa_s0_k1\candle\test\good\0690.JPG,0,0.005915775895118713
mvtec_candle,D:\STUDY\My_github\sci_project\data\patchcore_closeout\visa_s0_k1\candle\test\good\0694.JPG,0,0.14701057970523834
mvtec_candle,D:\STUDY\My_github\sci_project\data\patchcore_closeout\visa_s0_k1\candle\test\good\0705.JPG,0,0.03152432292699814
mvtec_candle,D:\STUDY\My_github\sci_project\data\patchcore_closeout\visa_s0_k1\candle\test\good\0725.JPG,0,0.07372594624757767
mvtec_candle,D:\STUDY\My_github\sci_project\data\patchcore_closeout\visa_s0_k1\candle\test\good\0730.JPG,0,0.0492827445268631
mvtec_candle,D:\STUDY\My_github\sci_project\data\patchcore_closeout\visa_s0_k1\candle\test\good\0735.JPG,0,0.07671801000833511
mvtec_candle,D:\STUDY\My_github\sci_project\data\patchcore_closeout\visa_s0_k1\candle\test\good\0739.JPG,0,0.08935873955488205
mvtec_candle,D:\STUDY\My_github\sci_project\data\patchcore_closeout\visa_s0_k1\candle\test\good\0751.JPG,0,0.2094203233718872
mvtec_candle,D:\STUDY\My_github\sci_project\data\patchcore_closeout\visa_s0_k1\candle\test\good\0755.JPG,0,0.09082268923521042
mvtec_candle,D:\STUDY\My_github\sci_project\data\patchcore_closeout\visa_s0_k1\candle\test\good\0764.JPG,0,0.0734558179974556
mvtec_candle,D:\STUDY\My_github\sci_project\data\patchcore_closeout\visa_s0_k1\candle\test\good\0768.JPG,0,0.18332220613956451
mvtec_candle,D:\STUDY\My_github\sci_project\data\patchcore_closeout\visa_s0_k1\candle\test\good\0779.JPG,0,0.0
mvtec_candle,D:\STUDY\My_github\sci_project\data\patchcore_closeout\visa_s0_k1\candle\test\good\0784.JPG,0,0.0058884937316179276
mvtec_candle,D:\STUDY\My_github\sci_project\data\patchcore_closeout\visa_s0_k1\candle\test\good\0790.JPG,0,0.09086751192808151
mvtec_candle,D:\STUDY\My_github\sci_project\data\patchcore_closeout\visa_s0_k1\candle\test\good\0796.JPG,0,0.07401945441961288
mvtec_candle,D:\STUDY\My_github\sci_project\data\patchcore_closeout\visa_s0_k1\candle\test\good\0797.JPG,0,0.15554964542388916
mvtec_candle,D:\STUDY\My_github\sci_project\data\patchcore_closeout\visa_s0_k1\candle\test\good\0800.JPG,0,0.019091060385107994
mvtec_candle,D:\STUDY\My_github\sci_project\data\patchcore_closeout\visa_s0_k1\candle\test\good\0804.JPG,0,0.1971813440322876
mvtec_candle,D:\STUDY\My_github\sci_project\data\patchcore_closeout\visa_s0_k1\candle\test\good\0811.JPG,0,0.04595309495925903
mvtec_candle,D:\STUDY\My_github\sci_project\data\patchcore_closeout\visa_s0_k1\candle\test\good\0844.JPG,0,0.1711641550064087
mvtec_candle,D:\STUDY\My_github\sci_project\data\patchcore_closeout\visa_s0_k1\candle\test\good\0869.JPG,0,0.17760460078716278
mvtec_candle,D:\STUDY\My_github\sci_project\data\patchcore_closeout\visa_s0_k1\candle\test\good\0871.JPG,0,0.10664046555757523
mvtec_candle,D:\STUDY\My_github\sci_project\data\patchcore_closeout\visa_s0_k1\candle\test\good\0892.JPG,0,0.024362850934267044
mvtec_candle,D:\STUDY\My_github\sci_project\data\patchcore_closeout\visa_s0_k1\candle\test\good\0900.JPG,0,0.01724245399236679
mvtec_candle,D:\STUDY\My_github\sci_project\data\patchcore_closeout\visa_s0_k1\candle\test\good\0920.JPG,0,0.06910832971334457
mvtec_candle,D:\STUDY\My_github\sci_project\data\patchcore_closeout\visa_s0_k1\candle\test\good\0923.JPG,0,0.06658455729484558
mvtec_candle,D:\STUDY\My_github\sci_project\data\patchcore_closeout\visa_s0_k1\candle\test\good\0935.JPG,0,0.0824979767203331
mvtec_candle,D:\STUDY\My_github\sci_project\data\patchcore_closeout\visa_s0_k1\candle\test\good\0952.JPG,0,0.05946146324276924
mvtec_candle,D:\STUDY\My_github\sci_project\data\patchcore_closeout\visa_s0_k1\candle\test\good\0953.JPG,0,0.06656312197446823
mvtec_candle,D:\STUDY\My_github\sci_project\data\patchcore_closeout\visa_s0_k1\candle\test\good\0964.JPG,0,0.04455210268497467
mvtec_candle,D:\STUDY\My_github\sci_project\data\patchcore_closeout\visa_s0_k1\candle\test\good\0967.JPG,0,0.028981966897845268
mvtec_candle,D:\STUDY\My_github\sci_project\data\patchcore_closeout\visa_s0_k1\candle\test\good\0974.JPG,0,0.045982178300619125
mvtec_candle,D:\STUDY\My_github\sci_project\data\patchcore_closeout\visa_s0_k1\candle\test\good\0985.JPG,0,0.15902291238307953
mvtec_candle,D:\STUDY\My_github\sci_project\data\patchcore_closeout\visa_s0_k1\candle\test\good\0994.JPG,0,0.036279547959566116
mvtec_candle,D:\STUDY\My_github\sci_project\data\patchcore_closeout\visa_s0_k1\candle\test\good\0996.JPG,0,0.047117844223976135
mvtec_capsules,D:\STUDY\My_github\sci_project\data\patchcore_closeout\visa_s0_k1\capsules\test\bad\000.JPG,1,0.2898041903972626
mvtec_capsules,D:\STUDY\My_github\sci_project\data\patchcore_closeout\visa_s0_k1\capsules\test\bad\001.JPG,1,0.14525774121284485
mvtec_capsules,D:\STUDY\My_github\sci_project\data\patchcore_closeout\visa_s0_k1\capsules\test\bad\002.JPG,1,0.17385455965995789
mvtec_capsules,D:\STUDY\My_github\sci_project\data\patchcore_closeout\visa_s0_k1\capsules\test\bad\003.JPG,1,0.3100830316543579
mvtec_capsules,D:\STUDY\My_github\sci_project\data\patchcore_closeout\visa_s0_k1\capsules\test\bad\004.JPG,1,0.23563158512115479
mvtec_capsules,D:\STUDY\My_github\sci_project\data\patchcore_closeout\visa_s0_k1\capsules\test\bad\005.JPG,1,0.40417546033859253
mvtec_capsules,D:\STUDY\My_github\sci_project\data\patchcore_closeout\visa_s0_k1\capsules\test\bad\006.JPG,1,0.45766571164131165
mvtec_capsules,D:\STUDY\My_github\sci_project\data\patchcore_closeout\visa_s0_k1\capsules\test\bad\007.JPG,1,0.08514679968357086
mvtec_capsules,D:\STUDY\My_github\sci_project\data\patchcore_closeout\visa_s0_k1\capsules\test\bad\008.JPG,1,0.18514402210712433
mvtec_capsules,D:\STUDY\My_github\sci_project\data\patchcore_closeout\visa_s0_k1\capsules\test\bad\009.JPG,1,0.02442448027431965
mvtec_capsules,D:\STUDY\My_github\sci_project\data\patchcore_closeout\visa_s0_k1\capsules\test\bad\010.JPG,1,0.15605904161930084
mvtec_capsules,D:\STUDY\My_github\sci_project\data\patchcore_closeout\visa_s0_k1\capsules\test\bad\011.JPG,1,0.3201216757297516
mvtec_capsules,D:\STUDY\My_github\sci_project\data\patchcore_closeout\visa_s0_k1\capsules\test\bad\012.JPG,1,0.4935803711414337
mvtec_capsules,D:\STUDY\My_github\sci_project\data\patchcore_closeout\visa_s0_k1\capsules\test\bad\013.JPG,1,0.23942111432552338
mvtec_capsules,D:\STUDY\My_github\sci_project\data\patchcore_closeout\visa_s0_k1\capsules\test\bad\014.JPG,1,0.2595451772212982
mvtec_capsules,D:\STUDY\My_github\sci_project\data\patchcore_closeout\visa_s0_k1\capsules\test\bad\015.JPG,1,0.1603788584470749
mvtec_capsules,D:\STUDY\My_github\sci_project\data\patchcore_closeout\visa_s0_k1\capsules\test\bad\016.JPG,1,0.3903414309024811
mvtec_capsules,D:\STUDY\My_github\sci_project\data\patchcore_closeout\visa_s0_k1\capsules\test\bad\017.JPG,1,0.022245271131396294
mvtec_capsules,D:\STUDY\My_github\sci_project\data\patchcore_closeout\visa_s0_k1\capsules\test\bad\018.JPG,1,0.12587840855121613
mvtec_capsules,D:\STUDY\My_github\sci_project\data\patchcore_closeout\visa_s0_k1\capsules\test\bad\019.JPG,1,0.13380217552185059
mvtec_capsules,D:\STUDY\My_github\sci_project\data\patchcore_closeout\visa_s0_k1\capsules\test\bad\020.JPG,1,0.09781576693058014
mvtec_capsules,D:\STUDY\My_github\sci_project\data\patchcore_closeout\visa_s0_k1\capsules\test\bad\021.JPG,1,0.0
mvtec_capsules,D:\STUDY\My_github\sci_project\data\patchcore_closeout\visa_s0_k1\capsules\test\bad\022.JPG,1,0.05731070041656494
mvtec_capsules,D:\STUDY\My_github\sci_project\data\patchcore_closeout\visa_s0_k1\capsules\test\bad\023.JPG,1,0.1622796654701233
mvtec_capsules,D:\STUDY\My_github\sci_project\data\patchcore_closeout\visa_s0_k1\capsules\test\bad\024.JPG,1,0.2460184097290039
mvtec_capsules,D:\STUDY\My_github\sci_project\data\patchcore_closeout\visa_s0_k1\capsules\test\bad\025.JPG,1,0.30897256731987
mvtec_capsules,D:\STUDY\My_github\sci_project\data\patchcore_closeout\visa_s0_k1\capsules\test\bad\026.JPG,1,0.3263528347015381
mvtec_capsules,D:\STUDY\My_github\sci_project\data\patchcore_closeout\visa_s0_k1\capsules\test\bad\027.JPG,1,0.21911536157131195
mvtec_capsules,D:\STUDY\My_github\sci_project\data\patchcore_closeout\visa_s0_k1\capsules\test\bad\028.JPG,1,0.22102513909339905
mvtec_capsules,D:\STUDY\My_github\sci_project\data\patchcore_closeout\visa_s0_k1\capsules\test\bad\029.JPG,1,0.14783114194869995
mvtec_capsules,D:\STUDY\My_github\sci_project\data\patchcore_closeout\visa_s0_k1\capsules\test\bad\030.JPG,1,0.5975149273872375
mvtec_capsules,D:\STUDY\My_github\sci_project\data\patchcore_closeout\visa_s0_k1\capsules\test\bad\031.JPG,1,0.1441890001296997
mvtec_capsules,D:\STUDY\My_github\sci_project\data\patchcore_closeout\visa_s0_k1\capsules\test\bad\032.JPG,1,0.2843906581401825
mvtec_capsules,D:\STUDY\My_github\sci_project\data\patchcore_closeout\visa_s0_k1\capsules\test\bad\033.JPG,1,0.575796902179718
mvtec_capsules,D:\STUDY\My_github\sci_project\data\patchcore_closeout\visa_s0_k1\capsules\test\bad\034.JPG,1,0.6247088313102722
mvtec_capsules,D:\STUDY\My_github\sci_project\data\patchcore_closeout\visa_s0_k1\capsules\test\bad\035.JPG,1,0.17088890075683594
mvtec_capsules,D:\STUDY\My_github\sci_project\data\patchcore_closeout\visa_s0_k1\capsules\test\bad\036.JPG,1,0.6477770805358887
mvtec_capsules,D:\STUDY\My_github\sci_project\data\patchcore_closeout\visa_s0_k1\capsules\test\bad\037.JPG,1,0.1899009346961975
mvtec_capsules,D:\STUDY\My_github\sci_project\data\patchcore_closeout\visa_s0_k1\capsules\test\bad\038.JPG,1,0.5190091729164124
mvtec_capsules,D:\STUDY\My_github\sci_project\data\patchcore_closeout\visa_s0_k1\capsules\test\bad\039.JPG,1,0.30203449726104736
mvtec_capsules,D:\STUDY\My_github\sci_project\data\patchcore_closeout\visa_s0_k1\capsules\test\bad\040.JPG,1,0.2976893484592438
mvtec_capsules,D:\STUDY\My_github\sci_project\data\patchcore_closeout\visa_s0_k1\capsules\test\bad\041.JPG,1,0.10936491936445236
mvtec_capsules,D:\STUDY\My_github\sci_project\data\patchcore_closeout\visa_s0_k1\capsules\test\bad\042.JPG,1,0.3756519556045532
mvtec_capsules,D:\STUDY\My_github\sci_project\data\patchcore_closeout\visa_s0_k1\capsules\test\bad\043.JPG,1,0.27575647830963135
mvtec_capsules,D:\STUDY\My_github\sci_project\data\patchcore_closeout\visa_s0_k1\capsules\test\bad\044.JPG,1,0.5317342877388
mvtec_capsules,D:\STUDY\My_github\sci_project\data\patchcore_closeout\visa_s0_k1\capsules\test\bad\045.JPG,1,0.4692094027996063
mvtec_capsules,D:\STUDY\My_github\sci_project\data\patchcore_closeout\visa_s0_k1\capsules\test\bad\046.JPG,1,0.3485243022441864
mvtec_capsules,D:\STUDY\My_github\sci_project\data\patchcore_closeout\visa_s0_k1\capsules\test\bad\047.JPG,1,0.21805793046951294
mvtec_capsules,D:\STUDY\My_github\sci_project\data\patchcore_closeout\visa_s0_k1\capsules\test\bad\048.JPG,1,0.4916963279247284
mvtec_capsules,D:\STUDY\My_github\sci_project\data\patchcore_closeout\visa_s0_k1\capsules\test\bad\049.JPG,1,0.4628008306026459
mvtec_capsules,D:\STUDY\My_github\sci_project\data\patchcore_closeout\visa_s0_k1\capsules\test\bad\050.JPG,1,0.5757454037666321
mvtec_capsules,D:\STUDY\My_github\sci_project\data\patchcore_closeout\visa_s0_k1\capsules\test\bad\051.JPG,1,0.44591185450553894
mvtec_capsules,D:\STUDY\My_github\sci_project\data\patchcore_closeout\visa_s0_k1\capsules\test\bad\052.JPG,1,0.6129845976829529
mvtec_capsules,D:\STUDY\My_github\sci_project\data\patchcore_closeout\visa_s0_k1\capsules\test\bad\053.JPG,1,0.5637494325637817
mvtec_capsules,D:\STUDY\My_github\sci_project\data\patchcore_closeout\visa_s0_k1\capsules\test\bad\054.JPG,1,0.5850580334663391
mvtec_capsules,D:\STUDY\My_github\sci_project\data\patchcore_closeout\visa_s0_k1\capsules\test\bad\055.JPG,1,0.2459392547607422
mvtec_capsules,D:\STUDY\My_github\sci_project\data\patchcore_closeout\visa_s0_k1\capsules\test\bad\056.JPG,1,0.4612302780151367
mvtec_capsules,D:\STUDY\My_github\sci_project\data\patchcore_closeout\visa_s0_k1\capsules\test\bad\057.JPG,1,0.40992000699043274
mvtec_capsules,D:\STUDY\My_github\sci_project\data\patchcore_closeout\visa_s0_k1\capsules\test\bad\058.JPG,1,0.22315600514411926
mvtec_capsules,D:\STUDY\My_github\sci_project\data\patchcore_closeout\visa_s0_k1\capsules\test\bad\059.JPG,1,0.6569029688835144
mvtec_capsules,D:\STUDY\My_github\sci_project\data\patchcore_closeout\visa_s0_k1\capsules\test\bad\060.JPG,1,0.5312960147857666
mvtec_capsules,D:\STUDY\My_github\sci_project\data\patchcore_closeout\visa_s0_k1\capsules\test\bad\061.JPG,1,0.4688491225242615
mvtec_capsules,D:\STUDY\My_github\sci_project\data\patchcore_closeout\visa_s0_k1\capsules\test\bad\062.JPG,1,0.3512357473373413
mvtec_capsules,D:\STUDY\My_github\sci_project\data\patchcore_closeout\visa_s0_k1\capsules\test\bad\063.JPG,1,0.5592479109764099
mvtec_capsules,D:\STUDY\My_github\sci_project\data\patchcore_closeout\visa_s0_k1\capsules\test\bad\064.JPG,1,0.4596051275730133
mvtec_capsules,D:\STUDY\My_github\sci_project\data\patchcore_closeout\visa_s0_k1\capsules\test\bad\065.JPG,1,0.47695106267929077
mvtec_capsules,D:\STUDY\My_github\sci_project\data\patchcore_closeout\visa_s0_k1\capsules\test\bad\066.JPG,1,0.2999301552772522
mvtec_capsules,D:\STUDY\My_github\sci_project\data\patchcore_closeout\visa_s0_k1\capsules\test\bad\067.JPG,1,0.23408636450767517
mvtec_capsules,D:\STUDY\My_github\sci_project\data\patchcore_closeout\visa_s0_k1\capsules\test\bad\068.JPG,1,0.3706388771533966
mvtec_capsules,D:\STUDY\My_github\sci_project\data\patchcore_closeout\visa_s0_k1\capsules\test\bad\069.JPG,1,0.35932403802871704
mvtec_capsules,D:\STUDY\My_github\sci_project\data\patchcore_closeout\visa_s0_k1\capsules\test\bad\070.JPG,1,0.24335765838623047
mvtec_capsules,D:\STUDY\My_github\sci_project\data\patchcore_closeout\visa_s0_k1\capsules\test\bad\071.JPG,1,0.5834360122680664
mvtec_capsules,D:\STUDY\My_github\sci_project\data\patchcore_closeout\visa_s0_k1\capsules\test\bad\072.JPG,1,0.45591968297958374
mvtec_capsules,D:\STUDY\My_github\sci_project\data\patchcore_closeout\visa_s0_k1\capsules\test\bad\073.JPG,1,0.6956904530525208
mvtec_capsules,D:\STUDY\My_github\sci_project\data\patchcore_closeout\visa_s0_k1\capsules\test\bad\074.JPG,1,0.9741497039794922
mvtec_capsules,D:\STUDY\My_github\sci_project\data\patchcore_closeout\visa_s0_k1\capsules\test\bad\075.JPG,1,0.5842934250831604
mvtec_capsules,D:\STUDY\My_github\sci_project\data\patchcore_closeout\visa_s0_k1\capsules\test\bad\076.JPG,1,0.2621084451675415
mvtec_capsules,D:\STUDY\My_github\sci_project\data\patchcore_closeout\visa_s0_k1\capsules\test\bad\077.JPG,1,0.5564027428627014
mvtec_capsules,D:\STUDY\My_github\sci_project\data\patchcore_closeout\visa_s0_k1\capsules\test\bad\078.JPG,1,0.8845849633216858
mvtec_capsules,D:\STUDY\My_github\sci_project\data\patchcore_closeout\visa_s0_k1\capsules\test\bad\079.JPG,1,0.510087251663208
mvtec_capsules,D:\STUDY\My_github\sci_project\data\patchcore_closeout\visa_s0_k1\capsules\test\bad\080.JPG,1,0.3887264132499695
mvtec_capsules,D:\STUDY\My_github\sci_project\data\patchcore_closeout\visa_s0_k1\capsules\test\bad\081.JPG,1,0.34183305501937866
mvtec_capsules,D:\STUDY\My_github\sci_project\data\patchcore_closeout\visa_s0_k1\capsules\test\bad\082.JPG,1,0.5980888605117798
mvtec_capsules,D:\STUDY\My_github\sci_project\data\patchcore_closeout\visa_s0_k1\capsules\test\bad\083.JPG,1,0.7591249942779541
mvtec_capsules,D:\STUDY\My_github\sci_project\data\patchcore_closeout\visa_s0_k1\capsules\test\bad\084.JPG,1,0.36226552724838257
mvtec_capsules,D:\STUDY\My_github\sci_project\data\patchcore_closeout\visa_s0_k1\capsules\test\bad\085.JPG,1,0.8896685838699341
mvtec_capsules,D:\STUDY\My_github\sci_project\data\patchcore_closeout\visa_s0_k1\capsules\test\bad\086.JPG,1,0.4497840702533722
mvtec_capsules,D:\STUDY\My_github\sci_project\data\patchcore_closeout\visa_s0_k1\capsules\test\bad\087.JPG,1,0.5433344841003418
mvtec_capsules,D:\STUDY\My_github\sci_project\data\patchcore_closeout\visa_s0_k1\capsules\test\bad\088.JPG,1,0.256658673286438
mvtec_capsules,D:\STUDY\My_github\sci_project\data\patchcore_closeout\visa_s0_k1\capsules\test\bad\089.JPG,1,0.47532084584236145
mvtec_capsules,D:\STUDY\My_github\sci_project\data\patchcore_closeout\visa_s0_k1\capsules\test\bad\090.JPG,1,0.29554250836372375
mvtec_capsules,D:\STUDY\My_github\sci_project\data\patchcore_closeout\visa_s0_k1\capsules\test\bad\091.JPG,1,0.014658781699836254
mvtec_capsules,D:\STUDY\My_github\sci_project\data\patchcore_closeout\visa_s0_k1\capsules\test\bad\092.JPG,1,0.43812495470046997
mvtec_capsules,D:\STUDY\My_github\sci_project\data\patchcore_closeout\visa_s0_k1\capsules\test\bad\093.JPG,1,0.6702682971954346
mvtec_capsules,D:\STUDY\My_github\sci_project\data\patchcore_closeout\visa_s0_k1\capsules\test\bad\094.JPG,1,0.4391005039215088
mvtec_capsules,D:\STUDY\My_github\sci_project\data\patchcore_closeout\visa_s0_k1\capsules\test\bad\095.JPG,1,0.5826998949050903
mvtec_capsules,D:\STUDY\My_github\sci_project\data\patchcore_closeout\visa_s0_k1\capsules\test\bad\096.JPG,1,0.09696849435567856
mvtec_capsules,D:\STUDY\My_github\sci_project\data\patchcore_closeout\visa_s0_k1\capsules\test\bad\097.JPG,1,0.10350768268108368
mvtec_capsules,D:\STUDY\My_github\sci_project\data\patchcore_closeout\visa_s0_k1\capsules\test\bad\098.JPG,1,0.15354645252227783
mvtec_capsules,D:\STUDY\My_github\sci_project\data\patchcore_closeout\visa_s0_k1\capsules\test\bad\099.JPG,1,0.06768348813056946
mvtec_capsules,D:\STUDY\My_github\sci_project\data\patchcore_closeout\visa_s0_k1\capsules\test\good\011.JPG,0,0.7734280824661255
mvtec_capsules,D:\STUDY\My_github\sci_project\data\patchcore_closeout\visa_s0_k1\capsules\test\good\013.JPG,0,0.5932652950286865
mvtec_capsules,D:\STUDY\My_github\sci_project\data\patchcore_closeout\visa_s0_k1\capsules\test\good\016.JPG,0,0.5467703938484192
mvtec_capsules,D:\STUDY\My_github\sci_project\data\patchcore_closeout\visa_s0_k1\capsules\test\good\024.JPG,0,0.7284632325172424
mvtec_capsules,D:\STUDY\My_github\sci_project\data\patchcore_closeout\visa_s0_k1\capsules\test\good\026.JPG,0,0.5097039341926575
mvtec_capsules,D:\STUDY\My_github\sci_project\data\patchcore_closeout\visa_s0_k1\capsules\test\good\027.JPG,0,0.38175949454307556
mvtec_capsules,D:\STUDY\My_github\sci_project\data\patchcore_closeout\visa_s0_k1\capsules\test\good\046.JPG,0,0.506483256816864
mvtec_capsules,D:\STUDY\My_github\sci_project\data\patchcore_closeout\visa_s0_k1\capsules\test\good\062.JPG,0,0.38655149936676025
mvtec_capsules,D:\STUDY\My_github\sci_project\data\patchcore_closeout\visa_s0_k1\capsules\test\good\100.JPG,0,0.26536497473716736
mvtec_capsules,D:\STUDY\My_github\sci_project\data\patchcore_closeout\visa_s0_k1\capsules\test\good\107.JPG,0,0.32168325781822205
mvtec_capsules,D:\STUDY\My_github\sci_project\data\patchcore_closeout\visa_s0_k1\capsules\test\good\152.JPG,0,0.33489811420440674
mvtec_capsules,D:\STUDY\My_github\sci_project\data\patchcore_closeout\visa_s0_k1\capsules\test\good\159.JPG,0,0.2192249298095703
mvtec_capsules,D:\STUDY\My_github\sci_project\data\patchcore_closeout\visa_s0_k1\capsules\test\good\168.JPG,0,0.5813878178596497
mvtec_capsules,D:\STUDY\My_github\sci_project\data\patchcore_closeout\visa_s0_k1\capsules\test\good\170.JPG,0,0.11023441702127457
mvtec_capsules,D:\STUDY\My_github\sci_project\data\patchcore_closeout\visa_s0_k1\capsules\test\good\172.JPG,0,0.55921870470047
mvtec_capsules,D:\STUDY\My_github\sci_project\data\patchcore_closeout\visa_s0_k1\capsules\test\good\174.JPG,0,0.47541287541389465
mvtec_capsules,D:\STUDY\My_github\sci_project\data\patchcore_closeout\visa_s0_k1\capsules\test\good\178.JPG,0,0.3112991750240326
mvtec_capsules,D:\STUDY\My_github\sci_project\data\patchcore_closeout\visa_s0_k1\capsules\test\good\179.JPG,0,0.24550294876098633
mvtec_capsules,D:\STUDY\My_github\sci_project\data\patchcore_closeout\visa_s0_k1\capsules\test\good\187.JPG,0,0.4439888298511505
mvtec_capsules,D:\STUDY\My_github\sci_project\data\patchcore_closeout\visa_s0_k1\capsules\test\good\196.JPG,0,0.49438902735710144
mvtec_capsules,D:\STUDY\My_github\sci_project\data\patchcore_closeout\visa_s0_k1\capsules\test\good\208.JPG,0,0.35529083013534546
mvtec_capsules,D:\STUDY\My_github\sci_project\data\patchcore_closeout\visa_s0_k1\capsules\test\good\214.JPG,0,0.5653484463691711
mvtec_capsules,D:\STUDY\My_github\sci_project\data\patchcore_closeout\visa_s0_k1\capsules\test\good\215.JPG,0,1.0
mvtec_capsules,D:\STUDY\My_github\sci_project\data\patchcore_closeout\visa_s0_k1\capsules\test\good\237.JPG,0,0.501046359539032
mvtec_capsules,D:\STUDY\My_github\sci_project\data\patchcore_closeout\visa_s0_k1\capsules\test\good\240.JPG,0,0.4920612871646881
mvtec_capsules,D:\STUDY\My_github\sci_project\data\patchcore_closeout\visa_s0_k1\capsules\test\good\261.JPG,0,0.12279967218637466
mvtec_capsules,D:\STUDY\My_github\sci_project\data\patchcore_closeout\visa_s0_k1\capsules\test\good\286.JPG,0,0.4898153841495514
mvtec_capsules,D:\STUDY\My_github\sci_project\data\patchcore_closeout\visa_s0_k1\capsules\test\good\288.JPG,0,0.3948916792869568
mvtec_capsules,D:\STUDY\My_github\sci_project\data\patchcore_closeout\visa_s0_k1\capsules\test\good\294.JPG,0,0.2671772837638855
mvtec_capsules,D:\STUDY\My_github\sci_project\data\patchcore_closeout\visa_s0_k1\capsules\test\good\297.JPG,0,0.17919321358203888
mvtec_capsules,D:\STUDY\My_github\sci_project\data\patchcore_closeout\visa_s0_k1\capsules\test\good\303.JPG,0,0.45052802562713623
mvtec_capsules,D:\STUDY\My_github\sci_project\data\patchcore_closeout\visa_s0_k1\capsules\test\good\306.JPG,0,0.5121225714683533
mvtec_capsules,D:\STUDY\My_github\sci_project\data\patchcore_closeout\visa_s0_k1\capsules\test\good\320.JPG,0,0.17445501685142517
mvtec_capsules,D:\STUDY\My_github\sci_project\data\patchcore_closeout\visa_s0_k1\capsules\test\good\324.JPG,0,0.35761702060699463
mvtec_capsules,D:\STUDY\My_github\sci_project\data\patchcore_closeout\visa_s0_k1\capsules\test\good\333.JPG,0,0.23270295560359955
mvtec_capsules,D:\STUDY\My_github\sci_project\data\patchcore_closeout\visa_s0_k1\capsules\test\good\363.JPG,0,0.029009241610765457
mvtec_capsules,D:\STUDY\My_github\sci_project\data\patchcore_closeout\visa_s0_k1\capsules\test\good\377.JPG,0,0.606283962726593
mvtec_capsules,D:\STUDY\My_github\sci_project\data\patchcore_closeout\visa_s0_k1\capsules\test\good\394.JPG,0,0.5733014941215515
mvtec_capsules,D:\STUDY\My_github\sci_project\data\patchcore_closeout\visa_s0_k1\capsules\test\good\400.JPG,0,0.10811252892017365
mvtec_capsules,D:\STUDY\My_github\sci_project\data\patchcore_closeout\visa_s0_k1\capsules\test\good\402.JPG,0,0.19696298241615295
mvtec_capsules,D:\STUDY\My_github\sci_project\data\patchcore_closeout\visa_s0_k1\capsules\test\good\417.JPG,0,0.5797505974769592
mvtec_capsules,D:\STUDY\My_github\sci_project\data\patchcore_closeout\visa_s0_k1\capsules\test\good\423.JPG,0,0.266758531332016
mvtec_capsules,D:\STUDY\My_github\sci_project\data\patchcore_closeout\visa_s0_k1\capsules\test\good\427.JPG,0,0.1412256807088852
mvtec_capsules,D:\STUDY\My_github\sci_project\data\patchcore_closeout\visa_s0_k1\capsules\test\good\457.JPG,0,0.5439045429229736
mvtec_capsules,D:\STUDY\My_github\sci_project\data\patchcore_closeout\visa_s0_k1\capsules\test\good\469.JPG,0,0.18902987241744995
mvtec_capsules,D:\STUDY\My_github\sci_project\data\patchcore_closeout\visa_s0_k1\capsules\test\good\479.JPG,0,0.7725831270217896
mvtec_capsules,D:\STUDY\My_github\sci_project\data\patchcore_closeout\visa_s0_k1\capsules\test\good\483.JPG,0,0.6926031708717346
mvtec_capsules,D:\STUDY\My_github\sci_project\data\patchcore_closeout\visa_s0_k1\capsules\test\good\484.JPG,0,0.6505045294761658
mvtec_capsules,D:\STUDY\My_github\sci_project\data\patchcore_closeout\visa_s0_k1\capsules\test\good\488.JPG,0,0.640470564365387
mvtec_capsules,D:\STUDY\My_github\sci_project\data\patchcore_closeout\visa_s0_k1\capsules\test\good\490.JPG,0,0.31927362084388733
mvtec_capsules,D:\STUDY\My_github\sci_project\data\patchcore_closeout\visa_s0_k1\capsules\test\good\514.JPG,0,0.3448154926300049
mvtec_capsules,D:\STUDY\My_github\sci_project\data\patchcore_closeout\visa_s0_k1\capsules\test\good\518.JPG,0,0.21527591347694397
mvtec_capsules,D:\STUDY\My_github\sci_project\data\patchcore_closeout\visa_s0_k1\capsules\test\good\520.JPG,0,0.11541789025068283
mvtec_capsules,D:\STUDY\My_github\sci_project\data\patchcore_closeout\visa_s0_k1\capsules\test\good\525.JPG,0,0.44302380084991455
mvtec_capsules,D:\STUDY\My_github\sci_project\data\patchcore_closeout\visa_s0_k1\capsules\test\good\545.JPG,0,0.14005087316036224
mvtec_capsules,D:\STUDY\My_github\sci_project\data\patchcore_closeout\visa_s0_k1\capsules\test\good\552.JPG,0,0.732204020023346
mvtec_capsules,D:\STUDY\My_github\sci_project\data\patchcore_closeout\visa_s0_k1\capsules\test\good\569.JPG,0,0.22824238240718842
mvtec_capsules,D:\STUDY\My_github\sci_project\data\patchcore_closeout\visa_s0_k1\capsules\test\good\576.JPG,0,0.9534376859664917
mvtec_capsules,D:\STUDY\My_github\sci_project\data\patchcore_closeout\visa_s0_k1\capsules\test\good\580.JPG,0,0.1939084231853485
mvtec_capsules,D:\STUDY\My_github\sci_project\data\patchcore_closeout\visa_s0_k1\capsules\test\good\594.JPG,0,0.29340657591819763
mvtec_cashew,D:\STUDY\My_github\sci_project\data\patchcore_closeout\visa_s0_k1\cashew\test\bad\000.JPG,1,0.4112749993801117
mvtec_cashew,D:\STUDY\My_github\sci_project\data\patchcore_closeout\visa_s0_k1\cashew\test\bad\001.JPG,1,0.10524837672710419
mvtec_cashew,D:\STUDY\My_github\sci_project\data\patchcore_closeout\visa_s0_k1\cashew\test\bad\002.JPG,1,0.10013268887996674
mvtec_cashew,D:\STUDY\My_github\sci_project\data\patchcore_closeout\visa_s0_k1\cashew\test\bad\003.JPG,1,0.14821206033229828
mvtec_cashew,D:\STUDY\My_github\sci_project\data\patchcore_closeout\visa_s0_k1\cashew\test\bad\004.JPG,1,0.1685923933982849
mvtec_cashew,D:\STUDY\My_github\sci_project\data\patchcore_closeout\visa_s0_k1\cashew\test\bad\005.JPG,1,0.07467523962259293
mvtec_cashew,D:\STUDY\My_github\sci_project\data\patchcore_closeout\visa_s0_k1\cashew\test\bad\006.JPG,1,0.18701808154582977
mvtec_cashew,D:\STUDY\My_github\sci_project\data\patchcore_closeout\visa_s0_k1\cashew\test\bad\007.JPG,1,0.34030255675315857
mvtec_cashew,D:\STUDY\My_github\sci_project\data\patchcore_closeout\visa_s0_k1\cashew\test\bad\008.JPG,1,0.14193463325500488
mvtec_cashew,D:\STUDY\My_github\sci_project\data\patchcore_closeout\visa_s0_k1\cashew\test\bad\009.JPG,1,0.09921267628669739
mvtec_cashew,D:\STUDY\My_github\sci_project\data\patchcore_closeout\visa_s0_k1\cashew\test\bad\010.JPG,1,0.09215456247329712
mvtec_cashew,D:\STUDY\My_github\sci_project\data\patchcore_closeout\visa_s0_k1\cashew\test\bad\011.JPG,1,0.15362775325775146
mvtec_cashew,D:\STUDY\My_github\sci_project\data\patchcore_closeout\visa_s0_k1\cashew\test\bad\012.JPG,1,0.4706348180770874
mvtec_cashew,D:\STUDY\My_github\sci_project\data\patchcore_closeout\visa_s0_k1\cashew\test\bad\013.JPG,1,0.4392934739589691
mvtec_cashew,D:\STUDY\My_github\sci_project\data\patchcore_closeout\visa_s0_k1\cashew\test\bad\014.JPG,1,0.4629150629043579
mvtec_cashew,D:\STUDY\My_github\sci_project\data\patchcore_closeout\visa_s0_k1\cashew\test\bad\015.JPG,1,0.3373524248600006
mvtec_cashew,D:\STUDY\My_github\sci_project\data\patchcore_closeout\visa_s0_k1\cashew\test\bad\016.JPG,1,0.3824167251586914
mvtec_cashew,D:\STUDY\My_github\sci_project\data\patchcore_closeout\visa_s0_k1\cashew\test\bad\017.JPG,1,0.52239590883255
mvtec_cashew,D:\STUDY\My_github\sci_project\data\patchcore_closeout\visa_s0_k1\cashew\test\bad\018.JPG,1,0.2941569983959198
mvtec_cashew,D:\STUDY\My_github\sci_project\data\patchcore_closeout\visa_s0_k1\cashew\test\bad\019.JPG,1,0.4043828547000885
mvtec_cashew,D:\STUDY\My_github\sci_project\data\patchcore_closeout\visa_s0_k1\cashew\test\bad\020.JPG,1,0.6875402331352234
mvtec_cashew,D:\STUDY\My_github\sci_project\data\patchcore_closeout\visa_s0_k1\cashew\test\bad\021.JPG,1,0.162174254655838
mvtec_cashew,D:\STUDY\My_github\sci_project\data\patchcore_closeout\visa_s0_k1\cashew\test\bad\022.JPG,1,0.2590445876121521
mvtec_cashew,D:\STUDY\My_github\sci_project\data\patchcore_closeout\visa_s0_k1\cashew\test\bad\023.JPG,1,0.32059216499328613
mvtec_cashew,D:\STUDY\My_github\sci_project\data\patchcore_closeout\visa_s0_k1\cashew\test\bad\024.JPG,1,0.2554883360862732
mvtec_cashew,D:\STUDY\My_github\sci_project\data\patchcore_closeout\visa_s0_k1\cashew\test\bad\025.JPG,1,0.44797319173812866
mvtec_cashew,D:\STUDY\My_github\sci_project\data\patchcore_closeout\visa_s0_k1\cashew\test\bad\026.JPG,1,0.7923517823219299
mvtec_cashew,D:\STUDY\My_github\sci_project\data\patchcore_closeout\visa_s0_k1\cashew\test\bad\027.JPG,1,0.46701279282569885
mvtec_cashew,D:\STUDY\My_github\sci_project\data\patchcore_closeout\visa_s0_k1\cashew\test\bad\028.JPG,1,0.18909677863121033
mvtec_cashew,D:\STUDY\My_github\sci_project\data\patchcore_closeout\visa_s0_k1\cashew\test\bad\029.JPG,1,0.5507584810256958
mvtec_cashew,D:\STUDY\My_github\sci_project\data\patchcore_closeout\visa_s0_k1\cashew\test\bad\030.JPG,1,0.6470867991447449
mvtec_cashew,D:\STUDY\My_github\sci_project\data\patchcore_closeout\visa_s0_k1\cashew\test\bad\031.JPG,1,0.7170867919921875
mvtec_cashew,D:\STUDY\My_github\sci_project\data\patchcore_closeout\visa_s0_k1\cashew\test\bad\032.JPG,1,0.49534377455711365
mvtec_cashew,D:\STUDY\My_github\sci_project\data\patchcore_closeout\visa_s0_k1\cashew\test\bad\033.JPG,1,0.3160373568534851
mvtec_cashew,D:\STUDY\My_github\sci_project\data\patchcore_closeout\visa_s0_k1\cashew\test\bad\034.JPG,1,0.3258652091026306
mvtec_cashew,D:\STUDY\My_github\sci_project\data\patchcore_closeout\visa_s0_k1\cashew\test\bad\035.JPG,1,0.24888592958450317
mvtec_cashew,D:\STUDY\My_github\sci_project\data\patchcore_closeout\visa_s0_k1\cashew\test\bad\036.JPG,1,0.23832041025161743
mvtec_cashew,D:\STUDY\My_github\sci_project\data\patchcore_closeout\visa_s0_k1\cashew\test\bad\037.JPG,1,0.2787705063819885
mvtec_cashew,D:\STUDY\My_github\sci_project\data\patchcore_closeout\visa_s0_k1\cashew\test\bad\038.JPG,1,0.3277990520000458
mvtec_cashew,D:\STUDY\My_github\sci_project\data\patchcore_closeout\visa_s0_k1\cashew\test\bad\039.JPG,1,0.41803255677223206
mvtec_cashew,D:\STUDY\My_github\sci_project\data\patchcore_closeout\visa_s0_k1\cashew\test\bad\040.JPG,1,0.24576206505298615
mvtec_cashew,D:\STUDY\My_github\sci_project\data\patchcore_closeout\visa_s0_k1\cashew\test\bad\041.JPG,1,0.3520026206970215
mvtec_cashew,D:\STUDY\My_github\sci_project\data\patchcore_closeout\visa_s0_k1\cashew\test\bad\042.JPG,1,0.31927335262298584
mvtec_cashew,D:\STUDY\My_github\sci_project\data\patchcore_closeout\visa_s0_k1\cashew\test\bad\043.JPG,1,0.3434322476387024
mvtec_cashew,D:\STUDY\My_github\sci_project\data\patchcore_closeout\visa_s0_k1\cashew\test\bad\044.JPG,1,0.09694860130548477
mvtec_cashew,D:\STUDY\My_github\sci_project\data\patchcore_closeout\visa_s0_k1\cashew\test\bad\045.JPG,1,0.041193053126335144
mvtec_cashew,D:\STUDY\My_github\sci_project\data\patchcore_closeout\visa_s0_k1\cashew\test\bad\046.JPG,1,0.11503764986991882
mvtec_cashew,D:\STUDY\My_github\sci_project\data\patchcore_closeout\visa_s0_k1\cashew\test\bad\047.JPG,1,0.15867102146148682
mvtec_cashew,D:\STUDY\My_github\sci_project\data\patchcore_closeout\visa_s0_k1\cashew\test\bad\048.JPG,1,0.20221972465515137
mvtec_cashew,D:\STUDY\My_github\sci_project\data\patchcore_closeout\visa_s0_k1\cashew\test\bad\049.JPG,1,0.08240802586078644
mvtec_cashew,D:\STUDY\My_github\sci_project\data\patchcore_closeout\visa_s0_k1\cashew\test\bad\050.JPG,1,0.1595069319009781
mvtec_cashew,D:\STUDY\My_github\sci_project\data\patchcore_closeout\visa_s0_k1\cashew\test\bad\051.JPG,1,0.13694800436496735
mvtec_cashew,D:\STUDY\My_github\sci_project\data\patchcore_closeout\visa_s0_k1\cashew\test\bad\052.JPG,1,0.242410346865654
mvtec_cashew,D:\STUDY\My_github\sci_project\data\patchcore_closeout\visa_s0_k1\cashew\test\bad\053.JPG,1,0.06489540636539459
mvtec_cashew,D:\STUDY\My_github\sci_project\data\patchcore_closeout\visa_s0_k1\cashew\test\bad\054.JPG,1,0.10389597713947296
mvtec_cashew,D:\STUDY\My_github\sci_project\data\patchcore_closeout\visa_s0_k1\cashew\test\bad\055.JPG,1,0.15130206942558289
mvtec_cashew,D:\STUDY\My_github\sci_project\data\patchcore_closeout\visa_s0_k1\cashew\test\bad\056.JPG,1,0.10787185281515121
mvtec_cashew,D:\STUDY\My_github\sci_project\data\patchcore_closeout\visa_s0_k1\cashew\test\bad\057.JPG,1,0.16674405336380005
mvtec_cashew,D:\STUDY\My_github\sci_project\data\patchcore_closeout\visa_s0_k1\cashew\test\bad\058.JPG,1,0.16193531453609467
mvtec_cashew,D:\STUDY\My_github\sci_project\data\patchcore_closeout\visa_s0_k1\cashew\test\bad\059.JPG,1,0.15660452842712402
mvtec_cashew,D:\STUDY\My_github\sci_project\data\patchcore_closeout\visa_s0_k1\cashew\test\bad\060.JPG,1,0.12658146023750305
mvtec_cashew,D:\STUDY\My_github\sci_project\data\patchcore_closeout\visa_s0_k1\cashew\test\bad\061.JPG,1,0.30746588110923767
mvtec_cashew,D:\STUDY\My_github\sci_project\data\patchcore_closeout\visa_s0_k1\cashew\test\bad\062.JPG,1,0.33111801743507385
mvtec_cashew,D:\STUDY\My_github\sci_project\data\patchcore_closeout\visa_s0_k1\cashew\test\bad\063.JPG,1,0.3329918682575226
mvtec_cashew,D:\STUDY\My_github\sci_project\data\patchcore_closeout\visa_s0_k1\cashew\test\bad\064.JPG,1,0.13564638793468475
mvtec_cashew,D:\STUDY\My_github\sci_project\data\patchcore_closeout\visa_s0_k1\cashew\test\bad\065.JPG,1,0.5090234279632568
mvtec_cashew,D:\STUDY\My_github\sci_project\data\patchcore_closeout\visa_s0_k1\cashew\test\bad\066.JPG,1,0.08184991776943207
mvtec_cashew,D:\STUDY\My_github\sci_project\data\patchcore_closeout\visa_s0_k1\cashew\test\bad\067.JPG,1,0.15260034799575806
mvtec_cashew,D:\STUDY\My_github\sci_project\data\patchcore_closeout\visa_s0_k1\cashew\test\bad\068.JPG,1,0.2901591956615448
mvtec_cashew,D:\STUDY\My_github\sci_project\data\patchcore_closeout\visa_s0_k1\cashew\test\bad\069.JPG,1,0.23125647008419037
mvtec_cashew,D:\STUDY\My_github\sci_project\data\patchcore_closeout\visa_s0_k1\cashew\test\bad\070.JPG,1,0.3328753113746643
mvtec_cashew,D:\STUDY\My_github\sci_project\data\patchcore_closeout\visa_s0_k1\cashew\test\bad\071.JPG,1,0.3132401406764984
mvtec_cashew,D:\STUDY\My_github\sci_project\data\patchcore_closeout\visa_s0_k1\cashew\test\bad\072.JPG,1,0.453604519367218
mvtec_cashew,D:\STUDY\My_github\sci_project\data\patchcore_closeout\visa_s0_k1\cashew\test\bad\073.JPG,1,0.268124520778656
mvtec_cashew,D:\STUDY\My_github\sci_project\data\patchcore_closeout\visa_s0_k1\cashew\test\bad\074.JPG,1,0.21242168545722961
mvtec_cashew,D:\STUDY\My_github\sci_project\data\patchcore_closeout\visa_s0_k1\cashew\test\bad\075.JPG,1,0.1852080523967743
mvtec_cashew,D:\STUDY\My_github\sci_project\data\patchcore_closeout\visa_s0_k1\cashew\test\bad\076.JPG,1,0.23770567774772644
mvtec_cashew,D:\STUDY\My_github\sci_project\data\patchcore_closeout\visa_s0_k1\cashew\test\bad\077.JPG,1,0.13772785663604736
mvtec_cashew,D:\STUDY\My_github\sci_project\data\patchcore_closeout\visa_s0_k1\cashew\test\bad\078.JPG,1,0.09900148212909698
mvtec_cashew,D:\STUDY\My_github\sci_project\data\patchcore_closeout\visa_s0_k1\cashew\test\bad\079.JPG,1,0.16523762047290802
mvtec_cashew,D:\STUDY\My_github\sci_project\data\patchcore_closeout\visa_s0_k1\cashew\test\bad\080.JPG,1,0.13426123559474945
mvtec_cashew,D:\STUDY\My_github\sci_project\data\patchcore_closeout\visa_s0_k1\cashew\test\bad\081.JPG,1,0.1397954374551773
mvtec_cashew,D:\STUDY\My_github\sci_project\data\patchcore_closeout\visa_s0_k1\cashew\test\bad\082.JPG,1,0.11614193767309189
mvtec_cashew,D:\STUDY\My_github\sci_project\data\patchcore_closeout\visa_s0_k1\cashew\test\bad\083.JPG,1,0.19539141654968262
mvtec_cashew,D:\STUDY\My_github\sci_project\data\patchcore_closeout\visa_s0_k1\cashew\test\bad\084.JPG,1,0.1358736902475357
mvtec_cashew,D:\STUDY\My_github\sci_project\data\patchcore_closeout\visa_s0_k1\cashew\test\bad\085.JPG,1,0.12505950033664703
mvtec_cashew,D:\STUDY\My_github\sci_project\data\patchcore_closeout\visa_s0_k1\cashew\test\bad\086.JPG,1,0.1624884307384491
mvtec_cashew,D:\STUDY\My_github\sci_project\data\patchcore_closeout\visa_s0_k1\cashew\test\bad\087.JPG,1,0.1264171600341797
mvtec_cashew,D:\STUDY\My_github\sci_project\data\patchcore_closeout\visa_s0_k1\cashew\test\bad\088.JPG,1,0.21027806401252747
mvtec_cashew,D:\STUDY\My_github\sci_project\data\patchcore_closeout\visa_s0_k1\cashew\test\bad\089.JPG,1,0.14003606140613556
mvtec_cashew,D:\STUDY\My_github\sci_project\data\patchcore_closeout\visa_s0_k1\cashew\test\bad\090.JPG,1,0.1307685375213623
mvtec_cashew,D:\STUDY\My_github\sci_project\data\patchcore_closeout\visa_s0_k1\cashew\test\bad\091.JPG,1,0.1764700561761856
mvtec_cashew,D:\STUDY\My_github\sci_project\data\patchcore_closeout\visa_s0_k1\cashew\test\bad\092.JPG,1,0.15583355724811554
mvtec_cashew,D:\STUDY\My_github\sci_project\data\patchcore_closeout\visa_s0_k1\cashew\test\bad\093.JPG,1,0.13913853466510773
mvtec_cashew,D:\STUDY\My_github\sci_project\data\patchcore_closeout\visa_s0_k1\cashew\test\bad\094.JPG,1,0.7753875851631165
mvtec_cashew,D:\STUDY\My_github\sci_project\data\patchcore_closeout\visa_s0_k1\cashew\test\bad\095.JPG,1,0.5752440094947815
mvtec_cashew,D:\STUDY\My_github\sci_project\data\patchcore_closeout\visa_s0_k1\cashew\test\bad\096.JPG,1,0.5079002976417542
mvtec_cashew,D:\STUDY\My_github\sci_project\data\patchcore_closeout\visa_s0_k1\cashew\test\bad\097.JPG,1,0.5815486311912537
mvtec_cashew,D:\STUDY\My_github\sci_project\data\patchcore_closeout\visa_s0_k1\cashew\test\bad\098.JPG,1,0.5833742618560791
mvtec_cashew,D:\STUDY\My_github\sci_project\data\patchcore_closeout\visa_s0_k1\cashew\test\bad\099.JPG,1,1.0
mvtec_cashew,D:\STUDY\My_github\sci_project\data\patchcore_closeout\visa_s0_k1\cashew\test\good\006.JPG,0,0.07578369230031967
mvtec_cashew,D:\STUDY\My_github\sci_project\data\patchcore_closeout\visa_s0_k1\cashew\test\good\012.JPG,0,0.1879233866930008
mvtec_cashew,D:\STUDY\My_github\sci_project\data\patchcore_closeout\visa_s0_k1\cashew\test\good\013.JPG,0,0.16222171485424042
mvtec_cashew,D:\STUDY\My_github\sci_project\data\patchcore_closeout\visa_s0_k1\cashew\test\good\023.JPG,0,0.11950641870498657
mvtec_cashew,D:\STUDY\My_github\sci_project\data\patchcore_closeout\visa_s0_k1\cashew\test\good\050.JPG,0,0.05892825499176979
mvtec_cashew,D:\STUDY\My_github\sci_project\data\patchcore_closeout\visa_s0_k1\cashew\test\good\084.JPG,0,0.1581806242465973
mvtec_cashew,D:\STUDY\My_github\sci_project\data\patchcore_closeout\visa_s0_k1\cashew\test\good\087.JPG,0,0.10350077599287033
mvtec_cashew,D:\STUDY\My_github\sci_project\data\patchcore_closeout\visa_s0_k1\cashew\test\good\089.JPG,0,0.02076803892850876
mvtec_cashew,D:\STUDY\My_github\sci_project\data\patchcore_closeout\visa_s0_k1\cashew\test\good\093.JPG,0,0.20944269001483917
mvtec_cashew,D:\STUDY\My_github\sci_project\data\patchcore_closeout\visa_s0_k1\cashew\test\good\098.JPG,0,0.08998651057481766
mvtec_cashew,D:\STUDY\My_github\sci_project\data\patchcore_closeout\visa_s0_k1\cashew\test\good\104.JPG,0,0.15900321304798126
mvtec_cashew,D:\STUDY\My_github\sci_project\data\patchcore_closeout\visa_s0_k1\cashew\test\good\130.JPG,0,0.04700395092368126
mvtec_cashew,D:\STUDY\My_github\sci_project\data\patchcore_closeout\visa_s0_k1\cashew\test\good\143.JPG,0,0.06368260085582733
mvtec_cashew,D:\STUDY\My_github\sci_project\data\patchcore_closeout\visa_s0_k1\cashew\test\good\148.JPG,0,0.022373266518115997
mvtec_cashew,D:\STUDY\My_github\sci_project\data\patchcore_closeout\visa_s0_k1\cashew\test\good\166.JPG,0,0.11396888643503189
mvtec_cashew,D:\STUDY\My_github\sci_project\data\patchcore_closeout\visa_s0_k1\cashew\test\good\181.JPG,0,0.13593918085098267
mvtec_cashew,D:\STUDY\My_github\sci_project\data\patchcore_closeout\visa_s0_k1\cashew\test\good\213.JPG,0,0.11210333555936813
mvtec_cashew,D:\STUDY\My_github\sci_project\data\patchcore_closeout\visa_s0_k1\cashew\test\good\228.JPG,0,0.06969526410102844
mvtec_cashew,D:\STUDY\My_github\sci_project\data\patchcore_closeout\visa_s0_k1\cashew\test\good\239.JPG,0,0.0
mvtec_cashew,D:\STUDY\My_github\sci_project\data\patchcore_closeout\visa_s0_k1\cashew\test\good\244.JPG,0,0.18722262978553772
mvtec_cashew,D:\STUDY\My_github\sci_project\data\patchcore_closeout\visa_s0_k1\cashew\test\good\245.JPG,0,0.040120679885149
mvtec_cashew,D:\STUDY\My_github\sci_project\data\patchcore_closeout\visa_s0_k1\cashew\test\good\260.JPG,0,0.018591102212667465
mvtec_cashew,D:\STUDY\My_github\sci_project\data\patchcore_closeout\visa_s0_k1\cashew\test\good\272.JPG,0,0.08754786103963852
mvtec_cashew,D:\STUDY\My_github\sci_project\data\patchcore_closeout\visa_s0_k1\cashew\test\good\276.JPG,0,0.0838414654135704
mvtec_cashew,D:\STUDY\My_github\sci_project\data\patchcore_closeout\visa_s0_k1\cashew\test\good\284.JPG,0,0.18405352532863617
mvtec_cashew,D:\STUDY\My_github\sci_project\data\patchcore_closeout\visa_s0_k1\cashew\test\good\307.JPG,0,0.23861625790596008
mvtec_cashew,D:\STUDY\My_github\sci_project\data\patchcore_closeout\visa_s0_k1\cashew\test\good\309.JPG,0,0.06689944118261337
mvtec_cashew,D:\STUDY\My_github\sci_project\data\patchcore_closeout\visa_s0_k1\cashew\test\good\324.JPG,0,0.05974918603897095
mvtec_cashew,D:\STUDY\My_github\sci_project\data\patchcore_closeout\visa_s0_k1\cashew\test\good\337.JPG,0,0.13794100284576416
mvtec_cashew,D:\STUDY\My_github\sci_project\data\patchcore_closeout\visa_s0_k1\cashew\test\good\342.JPG,0,0.0879477858543396
mvtec_cashew,D:\STUDY\My_github\sci_project\data\patchcore_closeout\visa_s0_k1\cashew\test\good\344.JPG,0,0.10692548006772995
mvtec_cashew,D:\STUDY\My_github\sci_project\data\patchcore_closeout\visa_s0_k1\cashew\test\good\352.JPG,0,0.017513735219836235
mvtec_cashew,D:\STUDY\My_github\sci_project\data\patchcore_closeout\visa_s0_k1\cashew\test\good\367.JPG,0,0.16156619787216187
mvtec_cashew,D:\STUDY\My_github\sci_project\data\patchcore_closeout\visa_s0_k1\cashew\test\good\369.JPG,0,0.1604122370481491
mvtec_cashew,D:\STUDY\My_github\sci_project\data\patchcore_closeout\visa_s0_k1\cashew\test\good\377.JPG,0,0.019582713022828102
mvtec_cashew,D:\STUDY\My_github\sci_project\data\patchcore_closeout\visa_s0_k1\cashew\test\good\384.JPG,0,0.027443163096904755
mvtec_cashew,D:\STUDY\My_github\sci_project\data\patchcore_closeout\visa_s0_k1\cashew\test\good\389.JPG,0,0.1570749431848526
mvtec_cashew,D:\STUDY\My_github\sci_project\data\patchcore_closeout\visa_s0_k1\cashew\test\good\392.JPG,0,0.09387579560279846
mvtec_cashew,D:\STUDY\My_github\sci_project\data\patchcore_closeout\visa_s0_k1\cashew\test\good\398.JPG,0,0.13418908417224884
mvtec_cashew,D:\STUDY\My_github\sci_project\data\patchcore_closeout\visa_s0_k1\cashew\test\good\400.JPG,0,0.05046945437788963
mvtec_cashew,D:\STUDY\My_github\sci_project\data\patchcore_closeout\visa_s0_k1\cashew\test\good\402.JPG,0,0.0762702003121376
mvtec_cashew,D:\STUDY\My_github\sci_project\data\patchcore_closeout\visa_s0_k1\cashew\test\good\405.JPG,0,0.054722860455513
mvtec_cashew,D:\STUDY\My_github\sci_project\data\patchcore_closeout\visa_s0_k1\cashew\test\good\435.JPG,0,0.09319307655096054
mvtec_cashew,D:\STUDY\My_github\sci_project\data\patchcore_closeout\visa_s0_k1\cashew\test\good\446.JPG,0,0.1414664387702942
mvtec_cashew,D:\STUDY\My_github\sci_project\data\patchcore_closeout\visa_s0_k1\cashew\test\good\460.JPG,0,0.05208328366279602
mvtec_cashew,D:\STUDY\My_github\sci_project\data\patchcore_closeout\visa_s0_k1\cashew\test\good\461.JPG,0,0.0508277453482151
mvtec_cashew,D:\STUDY\My_github\sci_project\data\patchcore_closeout\visa_s0_k1\cashew\test\good\467.JPG,0,0.11427083611488342
mvtec_cashew,D:\STUDY\My_github\sci_project\data\patchcore_closeout\visa_s0_k1\cashew\test\good\482.JPG,0,0.10041771084070206
mvtec_cashew,D:\STUDY\My_github\sci_project\data\patchcore_closeout\visa_s0_k1\cashew\test\good\484.JPG,0,0.03832395747303963
mvtec_cashew,D:\STUDY\My_github\sci_project\data\patchcore_closeout\visa_s0_k1\cashew\test\good\487.JPG,0,0.11860556155443192
mvtec_chewinggum,D:\STUDY\My_github\sci_project\data\patchcore_closeout\visa_s0_k1\chewinggum\test\bad\000.JPG,1,0.6584486365318298
mvtec_chewinggum,D:\STUDY\My_github\sci_project\data\patchcore_closeout\visa_s0_k1\chewinggum\test\bad\001.JPG,1,0.38944658637046814
mvtec_chewinggum,D:\STUDY\My_github\sci_project\data\patchcore_closeout\visa_s0_k1\chewinggum\test\bad\002.JPG,1,0.5799301862716675
mvtec_chewinggum,D:\STUDY\My_github\sci_project\data\patchcore_closeout\visa_s0_k1\chewinggum\test\bad\003.JPG,1,0.5626761317253113
mvtec_chewinggum,D:\STUDY\My_github\sci_project\data\patchcore_closeout\visa_s0_k1\chewinggum\test\bad\004.JPG,1,0.7329539060592651
mvtec_chewinggum,D:\STUDY\My_github\sci_project\data\patchcore_closeout\visa_s0_k1\chewinggum\test\bad\005.JPG,1,0.7513076663017273
mvtec_chewinggum,D:\STUDY\My_github\sci_project\data\patchcore_closeout\visa_s0_k1\chewinggum\test\bad\006.JPG,1,0.7671940326690674
mvtec_chewinggum,D:\STUDY\My_github\sci_project\data\patchcore_closeout\visa_s0_k1\chewinggum\test\bad\007.JPG,1,0.5490331649780273
mvtec_chewinggum,D:\STUDY\My_github\sci_project\data\patchcore_closeout\visa_s0_k1\chewinggum\test\bad\008.JPG,1,0.4360746741294861
mvtec_chewinggum,D:\STUDY\My_github\sci_project\data\patchcore_closeout\visa_s0_k1\chewinggum\test\bad\009.JPG,1,1.0
mvtec_chewinggum,D:\STUDY\My_github\sci_project\data\patchcore_closeout\visa_s0_k1\chewinggum\test\bad\010.JPG,1,0.3873976171016693
mvtec_chewinggum,D:\STUDY\My_github\sci_project\data\patchcore_closeout\visa_s0_k1\chewinggum\test\bad\011.JPG,1,0.7646157741546631
mvtec_chewinggum,D:\STUDY\My_github\sci_project\data\patchcore_closeout\visa_s0_k1\chewinggum\test\bad\012.JPG,1,0.7912638187408447
mvtec_chewinggum,D:\STUDY\My_github\sci_project\data\patchcore_closeout\visa_s0_k1\chewinggum\test\bad\013.JPG,1,0.5845999717712402
mvtec_chewinggum,D:\STUDY\My_github\sci_project\data\patchcore_closeout\visa_s0_k1\chewinggum\test\bad\014.JPG,1,0.8352145552635193
mvtec_chewinggum,D:\STUDY\My_github\sci_project\data\patchcore_closeout\visa_s0_k1\chewinggum\test\bad\015.JPG,1,0.64261394739151
mvtec_chewinggum,D:\STUDY\My_github\sci_project\data\patchcore_closeout\visa_s0_k1\chewinggum\test\bad\016.JPG,1,0.4225262403488159
mvtec_chewinggum,D:\STUDY\My_github\sci_project\data\patchcore_closeout\visa_s0_k1\chewinggum\test\bad\017.JPG,1,0.5766089558601379
mvtec_chewinggum,D:\STUDY\My_github\sci_project\data\patchcore_closeout\visa_s0_k1\chewinggum\test\bad\018.JPG,1,0.750036895275116
mvtec_chewinggum,D:\STUDY\My_github\sci_project\data\patchcore_closeout\visa_s0_k1\chewinggum\test\bad\019.JPG,1,0.6547195911407471
mvtec_chewinggum,D:\STUDY\My_github\sci_project\data\patchcore_closeout\visa_s0_k1\chewinggum\test\bad\020.JPG,1,0.5247498154640198
mvtec_chewinggum,D:\STUDY\My_github\sci_project\data\patchcore_closeout\visa_s0_k1\chewinggum\test\bad\021.JPG,1,0.7786607146263123
mvtec_chewinggum,D:\STUDY\My_github\sci_project\data\patchcore_closeout\visa_s0_k1\chewinggum\test\bad\022.JPG,1,0.3662972152233124
mvtec_chewinggum,D:\STUDY\My_github\sci_project\data\patchcore_closeout\visa_s0_k1\chewinggum\test\bad\023.JPG,1,0.2674456536769867
mvtec_chewinggum,D:\STUDY\My_github\sci_project\data\patchcore_closeout\visa_s0_k1\chewinggum\test\bad\024.JPG,1,0.6122380495071411
mvtec_chewinggum,D:\STUDY\My_github\sci_project\data\patchcore_closeout\visa_s0_k1\chewinggum\test\bad\025.JPG,1,0.20924241840839386
mvtec_chewinggum,D:\STUDY\My_github\sci_project\data\patchcore_closeout\visa_s0_k1\chewinggum\test\bad\026.JPG,1,0.24690164625644684
mvtec_chewinggum,D:\STUDY\My_github\sci_project\data\patchcore_closeout\visa_s0_k1\chewinggum\test\bad\027.JPG,1,0.505955159664154
mvtec_chewinggum,D:\STUDY\My_github\sci_project\data\patchcore_closeout\visa_s0_k1\chewinggum\test\bad\028.JPG,1,0.22197437286376953
mvtec_chewinggum,D:\STUDY\My_github\sci_project\data\patchcore_closeout\visa_s0_k1\chewinggum\test\bad\029.JPG,1,0.24384962022304535
mvtec_chewinggum,D:\STUDY\My_github\sci_project\data\patchcore_closeout\visa_s0_k1\chewinggum\test\bad\030.JPG,1,0.47555011510849
mvtec_chewinggum,D:\STUDY\My_github\sci_project\data\patchcore_closeout\visa_s0_k1\chewinggum\test\bad\031.JPG,1,0.06182682514190674
mvtec_chewinggum,D:\STUDY\My_github\sci_project\data\patchcore_closeout\visa_s0_k1\chewinggum\test\bad\032.JPG,1,0.13187897205352783
mvtec_chewinggum,D:\STUDY\My_github\sci_project\data\patchcore_closeout\visa_s0_k1\chewinggum\test\bad\033.JPG,1,0.03579075261950493
mvtec_chewinggum,D:\STUDY\My_github\sci_project\data\patchcore_closeout\visa_s0_k1\chewinggum\test\bad\034.JPG,1,0.05344926565885544
mvtec_chewinggum,D:\STUDY\My_github\sci_project\data\patchcore_closeout\visa_s0_k1\chewinggum\test\bad\035.JPG,1,0.320408433675766
mvtec_chewinggum,D:\STUDY\My_github\sci_project\data\patchcore_closeout\visa_s0_k1\chewinggum\test\bad\036.JPG,1,0.4747418165206909
mvtec_chewinggum,D:\STUDY\My_github\sci_project\data\patchcore_closeout\visa_s0_k1\chewinggum\test\bad\037.JPG,1,0.19441501796245575
mvtec_chewinggum,D:\STUDY\My_github\sci_project\data\patchcore_closeout\visa_s0_k1\chewinggum\test\bad\038.JPG,1,0.25896933674812317
mvtec_chewinggum,D:\STUDY\My_github\sci_project\data\patchcore_closeout\visa_s0_k1\chewinggum\test\bad\039.JPG,1,0.36268213391304016
mvtec_chewinggum,D:\STUDY\My_github\sci_project\data\patchcore_closeout\visa_s0_k1\chewinggum\test\bad\040.JPG,1,0.5317615270614624
mvtec_chewinggum,D:\STUDY\My_github\sci_project\data\patchcore_closeout\visa_s0_k1\chewinggum\test\bad\041.JPG,1,0.39688125252723694
mvtec_chewinggum,D:\STUDY\My_github\sci_project\data\patchcore_closeout\visa_s0_k1\chewinggum\test\bad\042.JPG,1,0.3293147087097168
mvtec_chewinggum,D:\STUDY\My_github\sci_project\data\patchcore_closeout\visa_s0_k1\chewinggum\test\bad\043.JPG,1,0.4761733412742615
mvtec_chewinggum,D:\STUDY\My_github\sci_project\data\patchcore_closeout\visa_s0_k1\chewinggum\test\bad\044.JPG,1,0.3321540355682373
mvtec_chewinggum,D:\STUDY\My_github\sci_project\data\patchcore_closeout\visa_s0_k1\chewinggum\test\bad\045.JPG,1,0.6994983553886414
mvtec_chewinggum,D:\STUDY\My_github\sci_project\data\patchcore_closeout\visa_s0_k1\chewinggum\test\bad\046.JPG,1,0.5814948081970215
mvtec_chewinggum,D:\STUDY\My_github\sci_project\data\patchcore_closeout\visa_s0_k1\chewinggum\test\bad\047.JPG,1,0.6591964364051819
mvtec_chewinggum,D:\STUDY\My_github\sci_project\data\patchcore_closeout\visa_s0_k1\chewinggum\test\bad\048.JPG,1,0.561637818813324
mvtec_chewinggum,D:\STUDY\My_github\sci_project\data\patchcore_closeout\visa_s0_k1\chewinggum\test\bad\049.JPG,1,0.5314509272575378
mvtec_chewinggum,D:\STUDY\My_github\sci_project\data\patchcore_closeout\visa_s0_k1\chewinggum\test\bad\050.JPG,1,0.6203017234802246
mvtec_chewinggum,D:\STUDY\My_github\sci_project\data\patchcore_closeout\visa_s0_k1\chewinggum\test\bad\051.JPG,1,0.3785508871078491
mvtec_chewinggum,D:\STUDY\My_github\sci_project\data\patchcore_closeout\visa_s0_k1\chewinggum\test\bad\052.JPG,1,0.5991578698158264
mvtec_chewinggum,D:\STUDY\My_github\sci_project\data\patchcore_closeout\visa_s0_k1\chewinggum\test\bad\053.JPG,1,0.47472238540649414
mvtec_chewinggum,D:\STUDY\My_github\sci_project\data\patchcore_closeout\visa_s0_k1\chewinggum\test\bad\054.JPG,1,0.5270424485206604
mvtec_chewinggum,D:\STUDY\My_github\sci_project\data\patchcore_closeout\visa_s0_k1\chewinggum\test\bad\055.JPG,1,0.617540180683136
mvtec_chewinggum,D:\STUDY\My_github\sci_project\data\patchcore_closeout\visa_s0_k1\chewinggum\test\bad\056.JPG,1,0.5262682437896729
mvtec_chewinggum,D:\STUDY\My_github\sci_project\data\patchcore_closeout\visa_s0_k1\chewinggum\test\bad\057.JPG,1,0.7026351690292358
mvtec_chewinggum,D:\STUDY\My_github\sci_project\data\patchcore_closeout\visa_s0_k1\chewinggum\test\bad\058.JPG,1,0.35519856214523315
mvtec_chewinggum,D:\STUDY\My_github\sci_project\data\patchcore_closeout\visa_s0_k1\chewinggum\test\bad\059.JPG,1,0.5907216668128967
mvtec_chewinggum,D:\STUDY\My_github\sci_project\data\patchcore_closeout\visa_s0_k1\chewinggum\test\bad\060.JPG,1,0.562626302242279
mvtec_chewinggum,D:\STUDY\My_github\sci_project\data\patchcore_closeout\visa_s0_k1\chewinggum\test\bad\061.JPG,1,0.5885782241821289
mvtec_chewinggum,D:\STUDY\My_github\sci_project\data\patchcore_closeout\visa_s0_k1\chewinggum\test\bad\062.JPG,1,0.37230828404426575
mvtec_chewinggum,D:\STUDY\My_github\sci_project\data\patchcore_closeout\visa_s0_k1\chewinggum\test\bad\063.JPG,1,0.5808815956115723
mvtec_chewinggum,D:\STUDY\My_github\sci_project\data\patchcore_closeout\visa_s0_k1\chewinggum\test\bad\064.JPG,1,0.6561985015869141
mvtec_chewinggum,D:\STUDY\My_github\sci_project\data\patchcore_closeout\visa_s0_k1\chewinggum\test\bad\065.JPG,1,0.4426639974117279
mvtec_chewinggum,D:\STUDY\My_github\sci_project\data\patchcore_closeout\visa_s0_k1\chewinggum\test\bad\066.JPG,1,0.27376848459243774
mvtec_chewinggum,D:\STUDY\My_github\sci_project\data\patchcore_closeout\visa_s0_k1\chewinggum\test\bad\067.JPG,1,0.4239255487918854
mvtec_chewinggum,D:\STUDY\My_github\sci_project\data\patchcore_closeout\visa_s0_k1\chewinggum\test\bad\068.JPG,1,0.3100773096084595
mvtec_chewinggum,D:\STUDY\My_github\sci_project\data\patchcore_closeout\visa_s0_k1\chewinggum\test\bad\069.JPG,1,0.25886785984039307
mvtec_chewinggum,D:\STUDY\My_github\sci_project\data\patchcore_closeout\visa_s0_k1\chewinggum\test\bad\070.JPG,1,0.24649477005004883
mvtec_chewinggum,D:\STUDY\My_github\sci_project\data\patchcore_closeout\visa_s0_k1\chewinggum\test\bad\071.JPG,1,0.37590697407722473
mvtec_chewinggum,D:\STUDY\My_github\sci_project\data\patchcore_closeout\visa_s0_k1\chewinggum\test\bad\072.JPG,1,0.29273542761802673
mvtec_chewinggum,D:\STUDY\My_github\sci_project\data\patchcore_closeout\visa_s0_k1\chewinggum\test\bad\073.JPG,1,0.17050933837890625
mvtec_chewinggum,D:\STUDY\My_github\sci_project\data\patchcore_closeout\visa_s0_k1\chewinggum\test\bad\074.JPG,1,0.5532569289207458
mvtec_chewinggum,D:\STUDY\My_github\sci_project\data\patchcore_closeout\visa_s0_k1\chewinggum\test\bad\075.JPG,1,0.2807677090167999
mvtec_chewinggum,D:\STUDY\My_github\sci_project\data\patchcore_closeout\visa_s0_k1\chewinggum\test\bad\076.JPG,1,0.5064750909805298
mvtec_chewinggum,D:\STUDY\My_github\sci_project\data\patchcore_closeout\visa_s0_k1\chewinggum\test\bad\077.JPG,1,0.6058027744293213
mvtec_chewinggum,D:\STUDY\My_github\sci_project\data\patchcore_closeout\visa_s0_k1\chewinggum\test\bad\078.JPG,1,0.4294206500053406
mvtec_chewinggum,D:\STUDY\My_github\sci_project\data\patchcore_closeout\visa_s0_k1\chewinggum\test\bad\079.JPG,1,0.3344372808933258
mvtec_chewinggum,D:\STUDY\My_github\sci_project\data\patchcore_closeout\visa_s0_k1\chewinggum\test\bad\080.JPG,1,0.7058704495429993
mvtec_chewinggum,D:\STUDY\My_github\sci_project\data\patchcore_closeout\visa_s0_k1\chewinggum\test\bad\081.JPG,1,0.49068015813827515
mvtec_chewinggum,D:\STUDY\My_github\sci_project\data\patchcore_closeout\visa_s0_k1\chewinggum\test\bad\082.JPG,1,0.7858662605285645
mvtec_chewinggum,D:\STUDY\My_github\sci_project\data\patchcore_closeout\visa_s0_k1\chewinggum\test\bad\083.JPG,1,0.6502992510795593
mvtec_chewinggum,D:\STUDY\My_github\sci_project\data\patchcore_closeout\visa_s0_k1\chewinggum\test\bad\084.JPG,1,0.8407196998596191
mvtec_chewinggum,D:\STUDY\My_github\sci_project\data\patchcore_closeout\visa_s0_k1\chewinggum\test\bad\085.JPG,1,0.4951803982257843
mvtec_chewinggum,D:\STUDY\My_github\sci_project\data\patchcore_closeout\visa_s0_k1\chewinggum\test\bad\086.JPG,1,0.47577738761901855
mvtec_chewinggum,D:\STUDY\My_github\sci_project\data\patchcore_closeout\visa_s0_k1\chewinggum\test\bad\087.JPG,1,0.44888412952423096
mvtec_chewinggum,D:\STUDY\My_github\sci_project\data\patchcore_closeout\visa_s0_k1\chewinggum\test\bad\088.JPG,1,0.5099907517433167
mvtec_chewinggum,D:\STUDY\My_github\sci_project\data\patchcore_closeout\visa_s0_k1\chewinggum\test\bad\089.JPG,1,0.4302608370780945
mvtec_chewinggum,D:\STUDY\My_github\sci_project\data\patchcore_closeout\visa_s0_k1\chewinggum\test\bad\090.JPG,1,0.5215243101119995
mvtec_chewinggum,D:\STUDY\My_github\sci_project\data\patchcore_closeout\visa_s0_k1\chewinggum\test\bad\091.JPG,1,0.31249335408210754
mvtec_chewinggum,D:\STUDY\My_github\sci_project\data\patchcore_closeout\visa_s0_k1\chewinggum\test\bad\092.JPG,1,0.7103952765464783
mvtec_chewinggum,D:\STUDY\My_github\sci_project\data\patchcore_closeout\visa_s0_k1\chewinggum\test\bad\093.JPG,1,0.7305235862731934
mvtec_chewinggum,D:\STUDY\My_github\sci_project\data\patchcore_closeout\visa_s0_k1\chewinggum\test\bad\094.JPG,1,0.3118719458580017
mvtec_chewinggum,D:\STUDY\My_github\sci_project\data\patchcore_closeout\visa_s0_k1\chewinggum\test\bad\095.JPG,1,0.48733946681022644
mvtec_chewinggum,D:\STUDY\My_github\sci_project\data\patchcore_closeout\visa_s0_k1\chewinggum\test\bad\096.JPG,1,0.5601893067359924
mvtec_chewinggum,D:\STUDY\My_github\sci_project\data\patchcore_closeout\visa_s0_k1\chewinggum\test\bad\097.JPG,1,0.43473130464553833
mvtec_chewinggum,D:\STUDY\My_github\sci_project\data\patchcore_closeout\visa_s0_k1\chewinggum\test\bad\098.JPG,1,0.47089001536369324
mvtec_chewinggum,D:\STUDY\My_github\sci_project\data\patchcore_closeout\visa_s0_k1\chewinggum\test\bad\099.JPG,1,0.39811617136001587
mvtec_chewinggum,D:\STUDY\My_github\sci_project\data\patchcore_closeout\visa_s0_k1\chewinggum\test\good\006.JPG,0,0.1590265929698944
mvtec_chewinggum,D:\STUDY\My_github\sci_project\data\patchcore_closeout\visa_s0_k1\chewinggum\test\good\012.JPG,0,0.12104041129350662
mvtec_chewinggum,D:\STUDY\My_github\sci_project\data\patchcore_closeout\visa_s0_k1\chewinggum\test\good\013.JPG,0,0.2552916705608368
mvtec_chewinggum,D:\STUDY\My_github\sci_project\data\patchcore_closeout\visa_s0_k1\chewinggum\test\good\050.JPG,0,0.0548008568584919
mvtec_chewinggum,D:\STUDY\My_github\sci_project\data\patchcore_closeout\visa_s0_k1\chewinggum\test\good\084.JPG,0,0.012784820050001144
mvtec_chewinggum,D:\STUDY\My_github\sci_project\data\patchcore_closeout\visa_s0_k1\chewinggum\test\good\087.JPG,0,0.052193693816661835
mvtec_chewinggum,D:\STUDY\My_github\sci_project\data\patchcore_closeout\visa_s0_k1\chewinggum\test\good\089.JPG,0,0.046991217881441116
mvtec_chewinggum,D:\STUDY\My_github\sci_project\data\patchcore_closeout\visa_s0_k1\chewinggum\test\good\093.JPG,0,0.07174558937549591
mvtec_chewinggum,D:\STUDY\My_github\sci_project\data\patchcore_closeout\visa_s0_k1\chewinggum\test\good\098.JPG,0,0.01580827869474888
mvtec_chewinggum,D:\STUDY\My_github\sci_project\data\patchcore_closeout\visa_s0_k1\chewinggum\test\good\104.JPG,0,0.10992259532213211
mvtec_chewinggum,D:\STUDY\My_github\sci_project\data\patchcore_closeout\visa_s0_k1\chewinggum\test\good\130.JPG,0,0.0
mvtec_chewinggum,D:\STUDY\My_github\sci_project\data\patchcore_closeout\visa_s0_k1\chewinggum\test\good\143.JPG,0,0.03488948568701744
mvtec_chewinggum,D:\STUDY\My_github\sci_project\data\patchcore_closeout\visa_s0_k1\chewinggum\test\good\148.JPG,0,0.08423353731632233
mvtec_chewinggum,D:\STUDY\My_github\sci_project\data\patchcore_closeout\visa_s0_k1\chewinggum\test\good\166.JPG,0,0.052462007850408554
mvtec_chewinggum,D:\STUDY\My_github\sci_project\data\patchcore_closeout\visa_s0_k1\chewinggum\test\good\181.JPG,0,0.034110378473997116
mvtec_chewinggum,D:\STUDY\My_github\sci_project\data\patchcore_closeout\visa_s0_k1\chewinggum\test\good\213.JPG,0,0.03311673924326897
mvtec_chewinggum,D:\STUDY\My_github\sci_project\data\patchcore_closeout\visa_s0_k1\chewinggum\test\good\228.JPG,0,0.0305776409804821
mvtec_chewinggum,D:\STUDY\My_github\sci_project\data\patchcore_closeout\visa_s0_k1\chewinggum\test\good\239.JPG,0,0.044684577733278275
mvtec_chewinggum,D:\STUDY\My_github\sci_project\data\patchcore_closeout\visa_s0_k1\chewinggum\test\good\244.JPG,0,0.005893463734537363
mvtec_chewinggum,D:\STUDY\My_github\sci_project\data\patchcore_closeout\visa_s0_k1\chewinggum\test\good\245.JPG,0,0.01362895779311657
mvtec_chewinggum,D:\STUDY\My_github\sci_project\data\patchcore_closeout\visa_s0_k1\chewinggum\test\good\260.JPG,0,0.028298350051045418
mvtec_chewinggum,D:\STUDY\My_github\sci_project\data\patchcore_closeout\visa_s0_k1\chewinggum\test\good\272.JPG,0,0.030106043443083763
mvtec_chewinggum,D:\STUDY\My_github\sci_project\data\patchcore_closeout\visa_s0_k1\chewinggum\test\good\276.JPG,0,0.10070393234491348
mvtec_chewinggum,D:\STUDY\My_github\sci_project\data\patchcore_closeout\visa_s0_k1\chewinggum\test\good\284.JPG,0,0.12083378434181213
mvtec_chewinggum,D:\STUDY\My_github\sci_project\data\patchcore_closeout\visa_s0_k1\chewinggum\test\good\307.JPG,0,0.04661260172724724
mvtec_chewinggum,D:\STUDY\My_github\sci_project\data\patchcore_closeout\visa_s0_k1\chewinggum\test\good\309.JPG,0,0.014200528152287006
mvtec_chewinggum,D:\STUDY\My_github\sci_project\data\patchcore_closeout\visa_s0_k1\chewinggum\test\good\324.JPG,0,0.015055907890200615
mvtec_chewinggum,D:\STUDY\My_github\sci_project\data\patchcore_closeout\visa_s0_k1\chewinggum\test\good\337.JPG,0,0.02498500421643257
mvtec_chewinggum,D:\STUDY\My_github\sci_project\data\patchcore_closeout\visa_s0_k1\chewinggum\test\good\342.JPG,0,0.06334098428487778
mvtec_chewinggum,D:\STUDY\My_github\sci_project\data\patchcore_closeout\visa_s0_k1\chewinggum\test\good\344.JPG,0,0.07164379209280014
mvtec_chewinggum,D:\STUDY\My_github\sci_project\data\patchcore_closeout\visa_s0_k1\chewinggum\test\good\352.JPG,0,0.0024215010926127434
mvtec_chewinggum,D:\STUDY\My_github\sci_project\data\patchcore_closeout\visa_s0_k1\chewinggum\test\good\367.JPG,0,0.04109684377908707
mvtec_chewinggum,D:\STUDY\My_github\sci_project\data\patchcore_closeout\visa_s0_k1\chewinggum\test\good\369.JPG,0,0.14156164228916168
mvtec_chewinggum,D:\STUDY\My_github\sci_project\data\patchcore_closeout\visa_s0_k1\chewinggum\test\good\377.JPG,0,0.07669463753700256
mvtec_chewinggum,D:\STUDY\My_github\sci_project\data\patchcore_closeout\visa_s0_k1\chewinggum\test\good\384.JPG,0,0.15412676334381104
mvtec_chewinggum,D:\STUDY\My_github\sci_project\data\patchcore_closeout\visa_s0_k1\chewinggum\test\good\389.JPG,0,0.03965652361512184
mvtec_chewinggum,D:\STUDY\My_github\sci_project\data\patchcore_closeout\visa_s0_k1\chewinggum\test\good\392.JPG,0,0.0051173921674489975
mvtec_chewinggum,D:\STUDY\My_github\sci_project\data\patchcore_closeout\visa_s0_k1\chewinggum\test\good\398.JPG,0,0.023560788482427597
mvtec_chewinggum,D:\STUDY\My_github\sci_project\data\patchcore_closeout\visa_s0_k1\chewinggum\test\good\400.JPG,0,0.07488056272268295
mvtec_chewinggum,D:\STUDY\My_github\sci_project\data\patchcore_closeout\visa_s0_k1\chewinggum\test\good\402.JPG,0,0.088885098695755
mvtec_chewinggum,D:\STUDY\My_github\sci_project\data\patchcore_closeout\visa_s0_k1\chewinggum\test\good\405.JPG,0,0.0403314083814621
mvtec_chewinggum,D:\STUDY\My_github\sci_project\data\patchcore_closeout\visa_s0_k1\chewinggum\test\good\435.JPG,0,0.04309505969285965
mvtec_chewinggum,D:\STUDY\My_github\sci_project\data\patchcore_closeout\visa_s0_k1\chewinggum\test\good\446.JPG,0,0.031342774629592896
mvtec_chewinggum,D:\STUDY\My_github\sci_project\data\patchcore_closeout\visa_s0_k1\chewinggum\test\good\460.JPG,0,0.05777812749147415
mvtec_chewinggum,D:\STUDY\My_github\sci_project\data\patchcore_closeout\visa_s0_k1\chewinggum\test\good\461.JPG,0,0.12598490715026855
mvtec_chewinggum,D:\STUDY\My_github\sci_project\data\patchcore_closeout\visa_s0_k1\chewinggum\test\good\467.JPG,0,0.029352152720093727
mvtec_chewinggum,D:\STUDY\My_github\sci_project\data\patchcore_closeout\visa_s0_k1\chewinggum\test\good\482.JPG,0,0.010354507714509964
mvtec_chewinggum,D:\STUDY\My_github\sci_project\data\patchcore_closeout\visa_s0_k1\chewinggum\test\good\486.JPG,0,0.0093210618942976
mvtec_chewinggum,D:\STUDY\My_github\sci_project\data\patchcore_closeout\visa_s0_k1\chewinggum\test\good\487.JPG,0,0.028053130954504013
mvtec_chewinggum,D:\STUDY\My_github\sci_project\data\patchcore_closeout\visa_s0_k1\chewinggum\test\good\497.JPG,0,0.04833825305104256
mvtec_fryum,D:\STUDY\My_github\sci_project\data\patchcore_closeout\visa_s0_k1\fryum\test\bad\000.JPG,1,0.8785099983215332
mvtec_fryum,D:\STUDY\My_github\sci_project\data\patchcore_closeout\visa_s0_k1\fryum\test\bad\001.JPG,1,0.3643377721309662
mvtec_fryum,D:\STUDY\My_github\sci_project\data\patchcore_closeout\visa_s0_k1\fryum\test\bad\002.JPG,1,0.6011362671852112
mvtec_fryum,D:\STUDY\My_github\sci_project\data\patchcore_closeout\visa_s0_k1\fryum\test\bad\003.JPG,1,0.35395991802215576
mvtec_fryum,D:\STUDY\My_github\sci_project\data\patchcore_closeout\visa_s0_k1\fryum\test\bad\004.JPG,1,0.7235074639320374
mvtec_fryum,D:\STUDY\My_github\sci_project\data\patchcore_closeout\visa_s0_k1\fryum\test\bad\005.JPG,1,0.6279723644256592
mvtec_fryum,D:\STUDY\My_github\sci_project\data\patchcore_closeout\visa_s0_k1\fryum\test\bad\006.JPG,1,0.44715043902397156
mvtec_fryum,D:\STUDY\My_github\sci_project\data\patchcore_closeout\visa_s0_k1\fryum\test\bad\007.JPG,1,0.3389770984649658
mvtec_fryum,D:\STUDY\My_github\sci_project\data\patchcore_closeout\visa_s0_k1\fryum\test\bad\008.JPG,1,1.0
mvtec_fryum,D:\STUDY\My_github\sci_project\data\patchcore_closeout\visa_s0_k1\fryum\test\bad\009.JPG,1,0.4319611191749573
mvtec_fryum,D:\STUDY\My_github\sci_project\data\patchcore_closeout\visa_s0_k1\fryum\test\bad\010.JPG,1,0.35544487833976746
mvtec_fryum,D:\STUDY\My_github\sci_project\data\patchcore_closeout\visa_s0_k1\fryum\test\bad\011.JPG,1,0.5537333488464355
mvtec_fryum,D:\STUDY\My_github\sci_project\data\patchcore_closeout\visa_s0_k1\fryum\test\bad\012.JPG,1,0.6498150825500488
mvtec_fryum,D:\STUDY\My_github\sci_project\data\patchcore_closeout\visa_s0_k1\fryum\test\bad\013.JPG,1,0.23860929906368256
mvtec_fryum,D:\STUDY\My_github\sci_project\data\patchcore_closeout\visa_s0_k1\fryum\test\bad\014.JPG,1,0.5864778161048889
mvtec_fryum,D:\STUDY\My_github\sci_project\data\patchcore_closeout\visa_s0_k1\fryum\test\bad\015.JPG,1,0.2069360911846161
mvtec_fryum,D:\STUDY\My_github\sci_project\data\patchcore_closeout\visa_s0_k1\fryum\test\bad\016.JPG,1,0.6711708307266235
mvtec_fryum,D:\STUDY\My_github\sci_project\data\patchcore_closeout\visa_s0_k1\fryum\test\bad\017.JPG,1,0.30431056022644043
mvtec_fryum,D:\STUDY\My_github\sci_project\data\patchcore_closeout\visa_s0_k1\fryum\test\bad\018.JPG,1,0.5272428393363953
mvtec_fryum,D:\STUDY\My_github\sci_project\data\patchcore_closeout\visa_s0_k1\fryum\test\bad\019.JPG,1,0.4549435079097748
mvtec_fryum,D:\STUDY\My_github\sci_project\data\patchcore_closeout\visa_s0_k1\fryum\test\bad\020.JPG,1,0.062633216381073
mvtec_fryum,D:\STUDY\My_github\sci_project\data\patchcore_closeout\visa_s0_k1\fryum\test\bad\021.JPG,1,0.09054423868656158
mvtec_fryum,D:\STUDY\My_github\sci_project\data\patchcore_closeout\visa_s0_k1\fryum\test\bad\022.JPG,1,0.13341538608074188
mvtec_fryum,D:\STUDY\My_github\sci_project\data\patchcore_closeout\visa_s0_k1\fryum\test\bad\023.JPG,1,0.32710695266723633
mvtec_fryum,D:\STUDY\My_github\sci_project\data\patchcore_closeout\visa_s0_k1\fryum\test\bad\024.JPG,1,0.25411492586135864
mvtec_fryum,D:\STUDY\My_github\sci_project\data\patchcore_closeout\visa_s0_k1\fryum\test\bad\025.JPG,1,0.054845988750457764
mvtec_fryum,D:\STUDY\My_github\sci_project\data\patchcore_closeout\visa_s0_k1\fryum\test\bad\026.JPG,1,0.049583472311496735
mvtec_fryum,D:\STUDY\My_github\sci_project\data\patchcore_closeout\visa_s0_k1\fryum\test\bad\027.JPG,1,0.09619776904582977
mvtec_fryum,D:\STUDY\My_github\sci_project\data\patchcore_closeout\visa_s0_k1\fryum\test\bad\028.JPG,1,0.13050003349781036
mvtec_fryum,D:\STUDY\My_github\sci_project\data\patchcore_closeout\visa_s0_k1\fryum\test\bad\029.JPG,1,0.31491538882255554
mvtec_fryum,D:\STUDY\My_github\sci_project\data\patchcore_closeout\visa_s0_k1\fryum\test\bad\030.JPG,1,0.11662835627794266
mvtec_fryum,D:\STUDY\My_github\sci_project\data\patchcore_closeout\visa_s0_k1\fryum\test\bad\031.JPG,1,0.20453804731369019
mvtec_fryum,D:\STUDY\My_github\sci_project\data\patchcore_closeout\visa_s0_k1\fryum\test\bad\032.JPG,1,0.3718123435974121
mvtec_fryum,D:\STUDY\My_github\sci_project\data\patchcore_closeout\visa_s0_k1\fryum\test\bad\033.JPG,1,0.32657939195632935
mvtec_fryum,D:\STUDY\My_github\sci_project\data\patchcore_closeout\visa_s0_k1\fryum\test\bad\034.JPG,1,0.12133950740098953
mvtec_fryum,D:\STUDY\My_github\sci_project\data\patchcore_closeout\visa_s0_k1\fryum\test\bad\035.JPG,1,0.2764514982700348
mvtec_fryum,D:\STUDY\My_github\sci_project\data\patchcore_closeout\visa_s0_k1\fryum\test\bad\036.JPG,1,0.13393746316432953
mvtec_fryum,D:\STUDY\My_github\sci_project\data\patchcore_closeout\visa_s0_k1\fryum\test\bad\037.JPG,1,0.27225878834724426
mvtec_fryum,D:\STUDY\My_github\sci_project\data\patchcore_closeout\visa_s0_k1\fryum\test\bad\038.JPG,1,0.23347711563110352
mvtec_fryum,D:\STUDY\My_github\sci_project\data\patchcore_closeout\visa_s0_k1\fryum\test\bad\039.JPG,1,0.21550899744033813
mvtec_fryum,D:\STUDY\My_github\sci_project\data\patchcore_closeout\visa_s0_k1\fryum\test\bad\040.JPG,1,0.20000264048576355
mvtec_fryum,D:\STUDY\My_github\sci_project\data\patchcore_closeout\visa_s0_k1\fryum\test\bad\041.JPG,1,0.8686180114746094
mvtec_fryum,D:\STUDY\My_github\sci_project\data\patchcore_closeout\visa_s0_k1\fryum\test\bad\042.JPG,1,0.5259358286857605
mvtec_fryum,D:\STUDY\My_github\sci_project\data\patchcore_closeout\visa_s0_k1\fryum\test\bad\043.JPG,1,0.7518560290336609
mvtec_fryum,D:\STUDY\My_github\sci_project\data\patchcore_closeout\visa_s0_k1\fryum\test\bad\044.JPG,1,0.5831154584884644
mvtec_fryum,D:\STUDY\My_github\sci_project\data\patchcore_closeout\visa_s0_k1\fryum\test\bad\045.JPG,1,0.7336872816085815
mvtec_fryum,D:\STUDY\My_github\sci_project\data\patchcore_closeout\visa_s0_k1\fryum\test\bad\046.JPG,1,0.5790530443191528
mvtec_fryum,D:\STUDY\My_github\sci_project\data\patchcore_closeout\visa_s0_k1\fryum\test\bad\047.JPG,1,0.5660358667373657
mvtec_fryum,D:\STUDY\My_github\sci_project\data\patchcore_closeout\visa_s0_k1\fryum\test\bad\048.JPG,1,0.5601491332054138
mvtec_fryum,D:\STUDY\My_github\sci_project\data\patchcore_closeout\visa_s0_k1\fryum\test\bad\049.JPG,1,0.511837899684906
mvtec_fryum,D:\STUDY\My_github\sci_project\data\patchcore_closeout\visa_s0_k1\fryum\test\bad\050.JPG,1,0.5283910036087036
mvtec_fryum,D:\STUDY\My_github\sci_project\data\patchcore_closeout\visa_s0_k1\fryum\test\bad\051.JPG,1,0.6435508728027344
mvtec_fryum,D:\STUDY\My_github\sci_project\data\patchcore_closeout\visa_s0_k1\fryum\test\bad\052.JPG,1,0.6957780718803406
mvtec_fryum,D:\STUDY\My_github\sci_project\data\patchcore_closeout\visa_s0_k1\fryum\test\bad\053.JPG,1,0.8796643614768982
mvtec_fryum,D:\STUDY\My_github\sci_project\data\patchcore_closeout\visa_s0_k1\fryum\test\bad\054.JPG,1,0.41836366057395935
mvtec_fryum,D:\STUDY\My_github\sci_project\data\patchcore_closeout\visa_s0_k1\fryum\test\bad\055.JPG,1,0.48458588123321533
mvtec_fryum,D:\STUDY\My_github\sci_project\data\patchcore_closeout\visa_s0_k1\fryum\test\bad\056.JPG,1,0.4986018240451813
mvtec_fryum,D:\STUDY\My_github\sci_project\data\patchcore_closeout\visa_s0_k1\fryum\test\bad\057.JPG,1,0.5169045329093933
mvtec_fryum,D:\STUDY\My_github\sci_project\data\patchcore_closeout\visa_s0_k1\fryum\test\bad\058.JPG,1,0.8456246256828308
mvtec_fryum,D:\STUDY\My_github\sci_project\data\patchcore_closeout\visa_s0_k1\fryum\test\bad\059.JPG,1,0.636131227016449
mvtec_fryum,D:\STUDY\My_github\sci_project\data\patchcore_closeout\visa_s0_k1\fryum\test\bad\060.JPG,1,0.12719878554344177
mvtec_fryum,D:\STUDY\My_github\sci_project\data\patchcore_closeout\visa_s0_k1\fryum\test\bad\061.JPG,1,0.3959084749221802
mvtec_fryum,D:\STUDY\My_github\sci_project\data\patchcore_closeout\visa_s0_k1\fryum\test\bad\062.JPG,1,0.5275101065635681
mvtec_fryum,D:\STUDY\My_github\sci_project\data\patchcore_closeout\visa_s0_k1\fryum\test\bad\063.JPG,1,0.557029128074646
mvtec_fryum,D:\STUDY\My_github\sci_project\data\patchcore_closeout\visa_s0_k1\fryum\test\bad\064.JPG,1,0.42635080218315125
mvtec_fryum,D:\STUDY\My_github\sci_project\data\patchcore_closeout\visa_s0_k1\fryum\test\bad\065.JPG,1,0.15483815968036652
mvtec_fryum,D:\STUDY\My_github\sci_project\data\patchcore_closeout\visa_s0_k1\fryum\test\bad\066.JPG,1,0.13304707407951355
mvtec_fryum,D:\STUDY\My_github\sci_project\data\patchcore_closeout\visa_s0_k1\fryum\test\bad\067.JPG,1,0.6504817605018616
mvtec_fryum,D:\STUDY\My_github\sci_project\data\patchcore_closeout\visa_s0_k1\fryum\test\bad\068.JPG,1,0.565047025680542
mvtec_fryum,D:\STUDY\My_github\sci_project\data\patchcore_closeout\visa_s0_k1\fryum\test\bad\069.JPG,1,0.4257679283618927
mvtec_fryum,D:\STUDY\My_github\sci_project\data\patchcore_closeout\visa_s0_k1\fryum\test\bad\070.JPG,1,0.5135655999183655
mvtec_fryum,D:\STUDY\My_github\sci_project\data\patchcore_closeout\visa_s0_k1\fryum\test\bad\071.JPG,1,0.49481913447380066
mvtec_fryum,D:\STUDY\My_github\sci_project\data\patchcore_closeout\visa_s0_k1\fryum\test\bad\072.JPG,1,0.46489521861076355
mvtec_fryum,D:\STUDY\My_github\sci_project\data\patchcore_closeout\visa_s0_k1\fryum\test\bad\073.JPG,1,0.5224789977073669
mvtec_fryum,D:\STUDY\My_github\sci_project\data\patchcore_closeout\visa_s0_k1\fryum\test\bad\074.JPG,1,0.35358941555023193
mvtec_fryum,D:\STUDY\My_github\sci_project\data\patchcore_closeout\visa_s0_k1\fryum\test\bad\075.JPG,1,0.38729748129844666
mvtec_fryum,D:\STUDY\My_github\sci_project\data\patchcore_closeout\visa_s0_k1\fryum\test\bad\076.JPG,1,0.3959476351737976
mvtec_fryum,D:\STUDY\My_github\sci_project\data\patchcore_closeout\visa_s0_k1\fryum\test\bad\077.JPG,1,0.47423988580703735
mvtec_fryum,D:\STUDY\My_github\sci_project\data\patchcore_closeout\visa_s0_k1\fryum\test\bad\078.JPG,1,0.4983469843864441
mvtec_fryum,D:\STUDY\My_github\sci_project\data\patchcore_closeout\visa_s0_k1\fryum\test\bad\079.JPG,1,0.33380281925201416
mvtec_fryum,D:\STUDY\My_github\sci_project\data\patchcore_closeout\visa_s0_k1\fryum\test\bad\080.JPG,1,0.44677186012268066
mvtec_fryum,D:\STUDY\My_github\sci_project\data\patchcore_closeout\visa_s0_k1\fryum\test\bad\081.JPG,1,0.4551243782043457
mvtec_fryum,D:\STUDY\My_github\sci_project\data\patchcore_closeout\visa_s0_k1\fryum\test\bad\082.JPG,1,0.22001951932907104
mvtec_fryum,D:\STUDY\My_github\sci_project\data\patchcore_closeout\visa_s0_k1\fryum\test\bad\083.JPG,1,0.2743881046772003
mvtec_fryum,D:\STUDY\My_github\sci_project\data\patchcore_closeout\visa_s0_k1\fryum\test\bad\084.JPG,1,0.3049907982349396
mvtec_fryum,D:\STUDY\My_github\sci_project\data\patchcore_closeout\visa_s0_k1\fryum\test\bad\085.JPG,1,0.3117983043193817
mvtec_fryum,D:\STUDY\My_github\sci_project\data\patchcore_closeout\visa_s0_k1\fryum\test\bad\086.JPG,1,0.46146106719970703
mvtec_fryum,D:\STUDY\My_github\sci_project\data\patchcore_closeout\visa_s0_k1\fryum\test\bad\087.JPG,1,0.16761843860149384
mvtec_fryum,D:\STUDY\My_github\sci_project\data\patchcore_closeout\visa_s0_k1\fryum\test\bad\088.JPG,1,0.28634023666381836
mvtec_fryum,D:\STUDY\My_github\sci_project\data\patchcore_closeout\visa_s0_k1\fryum\test\bad\089.JPG,1,0.2683669924736023
mvtec_fryum,D:\STUDY\My_github\sci_project\data\patchcore_closeout\visa_s0_k1\fryum\test\bad\090.JPG,1,0.2173384726047516
mvtec_fryum,D:\STUDY\My_github\sci_project\data\patchcore_closeout\visa_s0_k1\fryum\test\bad\091.JPG,1,0.11049815267324448
mvtec_fryum,D:\STUDY\My_github\sci_project\data\patchcore_closeout\visa_s0_k1\fryum\test\bad\092.JPG,1,0.3874336779117584
mvtec_fryum,D:\STUDY\My_github\sci_project\data\patchcore_closeout\visa_s0_k1\fryum\test\bad\093.JPG,1,0.11398355662822723
mvtec_fryum,D:\STUDY\My_github\sci_project\data\patchcore_closeout\visa_s0_k1\fryum\test\bad\094.JPG,1,0.2819724977016449
mvtec_fryum,D:\STUDY\My_github\sci_project\data\patchcore_closeout\visa_s0_k1\fryum\test\bad\095.JPG,1,0.38585278391838074
mvtec_fryum,D:\STUDY\My_github\sci_project\data\patchcore_closeout\visa_s0_k1\fryum\test\bad\096.JPG,1,0.1669682264328003
mvtec_fryum,D:\STUDY\My_github\sci_project\data\patchcore_closeout\visa_s0_k1\fryum\test\bad\097.JPG,1,0.1757875233888626
mvtec_fryum,D:\STUDY\My_github\sci_project\data\patchcore_closeout\visa_s0_k1\fryum\test\bad\098.JPG,1,0.2493027299642563
mvtec_fryum,D:\STUDY\My_github\sci_project\data\patchcore_closeout\visa_s0_k1\fryum\test\bad\099.JPG,1,0.18067404627799988
mvtec_fryum,D:\STUDY\My_github\sci_project\data\patchcore_closeout\visa_s0_k1\fryum\test\good\006.JPG,0,0.29209333658218384
mvtec_fryum,D:\STUDY\My_github\sci_project\data\patchcore_closeout\visa_s0_k1\fryum\test\good\012.JPG,0,0.06924449652433395
mvtec_fryum,D:\STUDY\My_github\sci_project\data\patchcore_closeout\visa_s0_k1\fryum\test\good\013.JPG,0,0.0356418751180172
mvtec_fryum,D:\STUDY\My_github\sci_project\data\patchcore_closeout\visa_s0_k1\fryum\test\good\023.JPG,0,0.0785752609372139
mvtec_fryum,D:\STUDY\My_github\sci_project\data\patchcore_closeout\visa_s0_k1\fryum\test\good\050.JPG,0,0.3364304006099701
mvtec_fryum,D:\STUDY\My_github\sci_project\data\patchcore_closeout\visa_s0_k1\fryum\test\good\084.JPG,0,0.32043710350990295
mvtec_fryum,D:\STUDY\My_github\sci_project\data\patchcore_closeout\visa_s0_k1\fryum\test\good\087.JPG,0,0.30439621210098267
mvtec_fryum,D:\STUDY\My_github\sci_project\data\patchcore_closeout\visa_s0_k1\fryum\test\good\089.JPG,0,0.31168332695961
mvtec_fryum,D:\STUDY\My_github\sci_project\data\patchcore_closeout\visa_s0_k1\fryum\test\good\093.JPG,0,0.2784680724143982
mvtec_fryum,D:\STUDY\My_github\sci_project\data\patchcore_closeout\visa_s0_k1\fryum\test\good\098.JPG,0,0.3629714250564575
mvtec_fryum,D:\STUDY\My_github\sci_project\data\patchcore_closeout\visa_s0_k1\fryum\test\good\104.JPG,0,0.06278259307146072
mvtec_fryum,D:\STUDY\My_github\sci_project\data\patchcore_closeout\visa_s0_k1\fryum\test\good\130.JPG,0,0.0
mvtec_fryum,D:\STUDY\My_github\sci_project\data\patchcore_closeout\visa_s0_k1\fryum\test\good\143.JPG,0,0.26668286323547363
mvtec_fryum,D:\STUDY\My_github\sci_project\data\patchcore_closeout\visa_s0_k1\fryum\test\good\148.JPG,0,0.20875421166419983
mvtec_fryum,D:\STUDY\My_github\sci_project\data\patchcore_closeout\visa_s0_k1\fryum\test\good\166.JPG,0,0.30639299750328064
mvtec_fryum,D:\STUDY\My_github\sci_project\data\patchcore_closeout\visa_s0_k1\fryum\test\good\181.JPG,0,0.2531992793083191
mvtec_fryum,D:\STUDY\My_github\sci_project\data\patchcore_closeout\visa_s0_k1\fryum\test\good\213.JPG,0,0.3425503671169281
mvtec_fryum,D:\STUDY\My_github\sci_project\data\patchcore_closeout\visa_s0_k1\fryum\test\good\228.JPG,0,0.24275296926498413
mvtec_fryum,D:\STUDY\My_github\sci_project\data\patchcore_closeout\visa_s0_k1\fryum\test\good\239.JPG,0,0.13610412180423737
mvtec_fryum,D:\STUDY\My_github\sci_project\data\patchcore_closeout\visa_s0_k1\fryum\test\good\244.JPG,0,0.042489659041166306
mvtec_fryum,D:\STUDY\My_github\sci_project\data\patchcore_closeout\visa_s0_k1\fryum\test\good\245.JPG,0,0.38395926356315613
mvtec_fryum,D:\STUDY\My_github\sci_project\data\patchcore_closeout\visa_s0_k1\fryum\test\good\260.JPG,0,0.2739967107772827
mvtec_fryum,D:\STUDY\My_github\sci_project\data\patchcore_closeout\visa_s0_k1\fryum\test\good\272.JPG,0,0.2449386715888977
mvtec_fryum,D:\STUDY\My_github\sci_project\data\patchcore_closeout\visa_s0_k1\fryum\test\good\276.JPG,0,0.34875306487083435
mvtec_fryum,D:\STUDY\My_github\sci_project\data\patchcore_closeout\visa_s0_k1\fryum\test\good\284.JPG,0,0.026509175077080727
mvtec_fryum,D:\STUDY\My_github\sci_project\data\patchcore_closeout\visa_s0_k1\fryum\test\good\307.JPG,0,0.20596222579479218
mvtec_fryum,D:\STUDY\My_github\sci_project\data\patchcore_closeout\visa_s0_k1\fryum\test\good\309.JPG,0,0.09171104431152344
mvtec_fryum,D:\STUDY\My_github\sci_project\data\patchcore_closeout\visa_s0_k1\fryum\test\good\324.JPG,0,0.4148811995983124
mvtec_fryum,D:\STUDY\My_github\sci_project\data\patchcore_closeout\visa_s0_k1\fryum\test\good\337.JPG,0,0.23694787919521332
mvtec_fryum,D:\STUDY\My_github\sci_project\data\patchcore_closeout\visa_s0_k1\fryum\test\good\342.JPG,0,0.2806061804294586
mvtec_fryum,D:\STUDY\My_github\sci_project\data\patchcore_closeout\visa_s0_k1\fryum\test\good\344.JPG,0,0.49131321907043457
mvtec_fryum,D:\STUDY\My_github\sci_project\data\patchcore_closeout\visa_s0_k1\fryum\test\good\352.JPG,0,0.2355346828699112
mvtec_fryum,D:\STUDY\My_github\sci_project\data\patchcore_closeout\visa_s0_k1\fryum\test\good\367.JPG,0,0.10055817663669586
mvtec_fryum,D:\STUDY\My_github\sci_project\data\patchcore_closeout\visa_s0_k1\fryum\test\good\369.JPG,0,0.15173204243183136
mvtec_fryum,D:\STUDY\My_github\sci_project\data\patchcore_closeout\visa_s0_k1\fryum\test\good\377.JPG,0,0.02766719087958336
mvtec_fryum,D:\STUDY\My_github\sci_project\data\patchcore_closeout\visa_s0_k1\fryum\test\good\384.JPG,0,0.1581009477376938
mvtec_fryum,D:\STUDY\My_github\sci_project\data\patchcore_closeout\visa_s0_k1\fryum\test\good\389.JPG,0,0.3721279203891754
mvtec_fryum,D:\STUDY\My_github\sci_project\data\patchcore_closeout\visa_s0_k1\fryum\test\good\392.JPG,0,0.17398186028003693
mvtec_fryum,D:\STUDY\My_github\sci_project\data\patchcore_closeout\visa_s0_k1\fryum\test\good\398.JPG,0,0.11089209467172623
mvtec_fryum,D:\STUDY\My_github\sci_project\data\patchcore_closeout\visa_s0_k1\fryum\test\good\400.JPG,0,0.15284650027751923
mvtec_fryum,D:\STUDY\My_github\sci_project\data\patchcore_closeout\visa_s0_k1\fryum\test\good\402.JPG,0,0.16222631931304932
mvtec_fryum,D:\STUDY\My_github\sci_project\data\patchcore_closeout\visa_s0_k1\fryum\test\good\405.JPG,0,0.10621755570173264
mvtec_fryum,D:\STUDY\My_github\sci_project\data\patchcore_closeout\visa_s0_k1\fryum\test\good\435.JPG,0,0.36564406752586365
mvtec_fryum,D:\STUDY\My_github\sci_project\data\patchcore_closeout\visa_s0_k1\fryum\test\good\446.JPG,0,0.33066120743751526
mvtec_fryum,D:\STUDY\My_github\sci_project\data\patchcore_closeout\visa_s0_k1\fryum\test\good\460.JPG,0,0.38306960463523865
mvtec_fryum,D:\STUDY\My_github\sci_project\data\patchcore_closeout\visa_s0_k1\fryum\test\good\461.JPG,0,0.18954168260097504
mvtec_fryum,D:\STUDY\My_github\sci_project\data\patchcore_closeout\visa_s0_k1\fryum\test\good\467.JPG,0,0.26054608821868896
mvtec_fryum,D:\STUDY\My_github\sci_project\data\patchcore_closeout\visa_s0_k1\fryum\test\good\482.JPG,0,0.38095784187316895
mvtec_fryum,D:\STUDY\My_github\sci_project\data\patchcore_closeout\visa_s0_k1\fryum\test\good\484.JPG,0,0.1848967969417572
mvtec_fryum,D:\STUDY\My_github\sci_project\data\patchcore_closeout\visa_s0_k1\fryum\test\good\487.JPG,0,0.1917438507080078
mvtec_macaroni1,D:\STUDY\My_github\sci_project\data\patchcore_closeout\visa_s0_k1\macaroni1\test\bad\000.JPG,1,0.3225829005241394
mvtec_macaroni1,D:\STUDY\My_github\sci_project\data\patchcore_closeout\visa_s0_k1\macaroni1\test\bad\001.JPG,1,0.33793580532073975
mvtec_macaroni1,D:\STUDY\My_github\sci_project\data\patchcore_closeout\visa_s0_k1\macaroni1\test\bad\002.JPG,1,0.279352068901062
mvtec_macaroni1,D:\STUDY\My_github\sci_project\data\patchcore_closeout\visa_s0_k1\macaroni1\test\bad\003.JPG,1,0.35072073340415955
mvtec_macaroni1,D:\STUDY\My_github\sci_project\data\patchcore_closeout\visa_s0_k1\macaroni1\test\bad\004.JPG,1,0.3368951082229614
mvtec_macaroni1,D:\STUDY\My_github\sci_project\data\patchcore_closeout\visa_s0_k1\macaroni1\test\bad\005.JPG,1,0.413787305355072
mvtec_macaroni1,D:\STUDY\My_github\sci_project\data\patchcore_closeout\visa_s0_k1\macaroni1\test\bad\006.JPG,1,0.3776278793811798
mvtec_macaroni1,D:\STUDY\My_github\sci_project\data\patchcore_closeout\visa_s0_k1\macaroni1\test\bad\007.JPG,1,0.355612576007843
mvtec_macaroni1,D:\STUDY\My_github\sci_project\data\patchcore_closeout\visa_s0_k1\macaroni1\test\bad\008.JPG,1,0.48585712909698486
mvtec_macaroni1,D:\STUDY\My_github\sci_project\data\patchcore_closeout\visa_s0_k1\macaroni1\test\bad\009.JPG,1,0.7141596674919128
mvtec_macaroni1,D:\STUDY\My_github\sci_project\data\patchcore_closeout\visa_s0_k1\macaroni1\test\bad\010.JPG,1,0.3090123236179352
mvtec_macaroni1,D:\STUDY\My_github\sci_project\data\patchcore_closeout\visa_s0_k1\macaroni1\test\bad\011.JPG,1,0.4724263846874237
mvtec_macaroni1,D:\STUDY\My_github\sci_project\data\patchcore_closeout\visa_s0_k1\macaroni1\test\bad\012.JPG,1,0.1989518702030182
mvtec_macaroni1,D:\STUDY\My_github\sci_project\data\patchcore_closeout\visa_s0_k1\macaroni1\test\bad\013.JPG,1,0.4327751100063324
mvtec_macaroni1,D:\STUDY\My_github\sci_project\data\patchcore_closeout\visa_s0_k1\macaroni1\test\bad\014.JPG,1,0.3773324489593506
mvtec_macaroni1,D:\STUDY\My_github\sci_project\data\patchcore_closeout\visa_s0_k1\macaroni1\test\bad\015.JPG,1,0.24233265221118927
mvtec_macaroni1,D:\STUDY\My_github\sci_project\data\patchcore_closeout\visa_s0_k1\macaroni1\test\bad\016.JPG,1,0.33246076107025146
mvtec_macaroni1,D:\STUDY\My_github\sci_project\data\patchcore_closeout\visa_s0_k1\macaroni1\test\bad\017.JPG,1,0.1693938821554184
mvtec_macaroni1,D:\STUDY\My_github\sci_project\data\patchcore_closeout\visa_s0_k1\macaroni1\test\bad\018.JPG,1,0.29500970244407654
mvtec_macaroni1,D:\STUDY\My_github\sci_project\data\patchcore_closeout\visa_s0_k1\macaroni1\test\bad\019.JPG,1,0.2930188477039337
mvtec_macaroni1,D:\STUDY\My_github\sci_project\data\patchcore_closeout\visa_s0_k1\macaroni1\test\bad\020.JPG,1,0.2481532245874405
mvtec_macaroni1,D:\STUDY\My_github\sci_project\data\patchcore_closeout\visa_s0_k1\macaroni1\test\bad\021.JPG,1,0.3182152509689331
mvtec_macaroni1,D:\STUDY\My_github\sci_project\data\patchcore_closeout\visa_s0_k1\macaroni1\test\bad\022.JPG,1,0.1511314958333969
mvtec_macaroni1,D:\STUDY\My_github\sci_project\data\patchcore_closeout\visa_s0_k1\macaroni1\test\bad\023.JPG,1,0.4812142550945282
mvtec_macaroni1,D:\STUDY\My_github\sci_project\data\patchcore_closeout\visa_s0_k1\macaroni1\test\bad\024.JPG,1,0.4357508718967438
mvtec_macaroni1,D:\STUDY\My_github\sci_project\data\patchcore_closeout\visa_s0_k1\macaroni1\test\bad\025.JPG,1,0.6046621799468994
mvtec_macaroni1,D:\STUDY\My_github\sci_project\data\patchcore_closeout\visa_s0_k1\macaroni1\test\bad\026.JPG,1,0.3748869299888611
mvtec_macaroni1,D:\STUDY\My_github\sci_project\data\patchcore_closeout\visa_s0_k1\macaroni1\test\bad\027.JPG,1,0.4264792501926422
mvtec_macaroni1,D:\STUDY\My_github\sci_project\data\patchcore_closeout\visa_s0_k1\macaroni1\test\bad\028.JPG,1,0.3287183344364166
mvtec_macaroni1,D:\STUDY\My_github\sci_project\data\patchcore_closeout\visa_s0_k1\macaroni1\test\bad\029.JPG,1,0.254948228597641
mvtec_macaroni1,D:\STUDY\My_github\sci_project\data\patchcore_closeout\visa_s0_k1\macaroni1\test\bad\030.JPG,1,0.5065961480140686
mvtec_macaroni1,D:\STUDY\My_github\sci_project\data\patchcore_closeout\visa_s0_k1\macaroni1\test\bad\031.JPG,1,0.3172978162765503
mvtec_macaroni1,D:\STUDY\My_github\sci_project\data\patchcore_closeout\visa_s0_k1\macaroni1\test\bad\032.JPG,1,0.4167375862598419
mvtec_macaroni1,D:\STUDY\My_github\sci_project\data\patchcore_closeout\visa_s0_k1\macaroni1\test\bad\033.JPG,1,0.0997796580195427
mvtec_macaroni1,D:\STUDY\My_github\sci_project\data\patchcore_closeout\visa_s0_k1\macaroni1\test\bad\034.JPG,1,0.2906707227230072
mvtec_macaroni1,D:\STUDY\My_github\sci_project\data\patchcore_closeout\visa_s0_k1\macaroni1\test\bad\035.JPG,1,0.11153317987918854
mvtec_macaroni1,D:\STUDY\My_github\sci_project\data\patchcore_closeout\visa_s0_k1\macaroni1\test\bad\036.JPG,1,0.285289466381073
mvtec_macaroni1,D:\STUDY\My_github\sci_project\data\patchcore_closeout\visa_s0_k1\macaroni1\test\bad\037.JPG,1,0.33735260367393494
mvtec_macaroni1,D:\STUDY\My_github\sci_project\data\patchcore_closeout\visa_s0_k1\macaroni1\test\bad\038.JPG,1,0.5381324887275696
mvtec_macaroni1,D:\STUDY\My_github\sci_project\data\patchcore_closeout\visa_s0_k1\macaroni1\test\bad\039.JPG,1,0.30197039246559143
mvtec_macaroni1,D:\STUDY\My_github\sci_project\data\patchcore_closeout\visa_s0_k1\macaroni1\test\bad\040.JPG,1,0.3974333107471466
mvtec_macaroni1,D:\STUDY\My_github\sci_project\data\patchcore_closeout\visa_s0_k1\macaroni1\test\bad\041.JPG,1,0.4388761818408966
mvtec_macaroni1,D:\STUDY\My_github\sci_project\data\patchcore_closeout\visa_s0_k1\macaroni1\test\bad\042.JPG,1,0.4129224121570587
mvtec_macaroni1,D:\STUDY\My_github\sci_project\data\patchcore_closeout\visa_s0_k1\macaroni1\test\bad\043.JPG,1,0.3489501476287842
mvtec_macaroni1,D:\STUDY\My_github\sci_project\data\patchcore_closeout\visa_s0_k1\macaroni1\test\bad\044.JPG,1,0.8744423985481262
mvtec_macaroni1,D:\STUDY\My_github\sci_project\data\patchcore_closeout\visa_s0_k1\macaroni1\test\bad\045.JPG,1,0.500907301902771
mvtec_macaroni1,D:\STUDY\My_github\sci_project\data\patchcore_closeout\visa_s0_k1\macaroni1\test\bad\046.JPG,1,0.9219240546226501
mvtec_macaroni1,D:\STUDY\My_github\sci_project\data\patchcore_closeout\visa_s0_k1\macaroni1\test\bad\047.JPG,1,0.7649849057197571
mvtec_macaroni1,D:\STUDY\My_github\sci_project\data\patchcore_closeout\visa_s0_k1\macaroni1\test\bad\048.JPG,1,0.18794623017311096
mvtec_macaroni1,D:\STUDY\My_github\sci_project\data\patchcore_closeout\visa_s0_k1\macaroni1\test\bad\049.JPG,1,0.0
mvtec_macaroni1,D:\STUDY\My_github\sci_project\data\patchcore_closeout\visa_s0_k1\macaroni1\test\bad\050.JPG,1,0.12248163670301437
mvtec_macaroni1,D:\STUDY\My_github\sci_project\data\patchcore_closeout\visa_s0_k1\macaroni1\test\bad\051.JPG,1,0.0625460222363472
mvtec_macaroni1,D:\STUDY\My_github\sci_project\data\patchcore_closeout\visa_s0_k1\macaroni1\test\bad\052.JPG,1,0.33191153407096863
mvtec_macaroni1,D:\STUDY\My_github\sci_project\data\patchcore_closeout\visa_s0_k1\macaroni1\test\bad\053.JPG,1,0.09719227999448776
mvtec_macaroni1,D:\STUDY\My_github\sci_project\data\patchcore_closeout\visa_s0_k1\macaroni1\test\bad\054.JPG,1,0.3418310284614563
mvtec_macaroni1,D:\STUDY\My_github\sci_project\data\patchcore_closeout\visa_s0_k1\macaroni1\test\bad\055.JPG,1,0.11325809359550476
mvtec_macaroni1,D:\STUDY\My_github\sci_project\data\patchcore_closeout\visa_s0_k1\macaroni1\test\bad\056.JPG,1,0.29474133253097534
mvtec_macaroni1,D:\STUDY\My_github\sci_project\data\patchcore_closeout\visa_s0_k1\macaroni1\test\bad\057.JPG,1,0.41533195972442627
mvtec_macaroni1,D:\STUDY\My_github\sci_project\data\patchcore_closeout\visa_s0_k1\macaroni1\test\bad\058.JPG,1,0.17649643123149872
mvtec_macaroni1,D:\STUDY\My_github\sci_project\data\patchcore_closeout\visa_s0_k1\macaroni1\test\bad\059.JPG,1,0.29495716094970703
mvtec_macaroni1,D:\STUDY\My_github\sci_project\data\patchcore_closeout\visa_s0_k1\macaroni1\test\bad\060.JPG,1,0.17205925285816193
mvtec_macaroni1,D:\STUDY\My_github\sci_project\data\patchcore_closeout\visa_s0_k1\macaroni1\test\bad\061.JPG,1,0.34699201583862305
mvtec_macaroni1,D:\STUDY\My_github\sci_project\data\patchcore_closeout\visa_s0_k1\macaroni1\test\bad\062.JPG,1,0.19808052480220795
mvtec_macaroni1,D:\STUDY\My_github\sci_project\data\patchcore_closeout\visa_s0_k1\macaroni1\test\bad\063.JPG,1,0.3953951895236969
mvtec_macaroni1,D:\STUDY\My_github\sci_project\data\patchcore_closeout\visa_s0_k1\macaroni1\test\bad\064.JPG,1,0.15198546648025513
mvtec_macaroni1,D:\STUDY\My_github\sci_project\data\patchcore_closeout\visa_s0_k1\macaroni1\test\bad\065.JPG,1,0.3036981523036957
mvtec_macaroni1,D:\STUDY\My_github\sci_project\data\patchcore_closeout\visa_s0_k1\macaroni1\test\bad\066.JPG,1,0.21659226715564728
mvtec_macaroni1,D:\STUDY\My_github\sci_project\data\patchcore_closeout\visa_s0_k1\macaroni1\test\bad\067.JPG,1,0.3695683181285858
mvtec_macaroni1,D:\STUDY\My_github\sci_project\data\patchcore_closeout\visa_s0_k1\macaroni1\test\bad\068.JPG,1,0.41128477454185486
mvtec_macaroni1,D:\STUDY\My_github\sci_project\data\patchcore_closeout\visa_s0_k1\macaroni1\test\bad\069.JPG,1,0.226643905043602
mvtec_macaroni1,D:\STUDY\My_github\sci_project\data\patchcore_closeout\visa_s0_k1\macaroni1\test\bad\070.JPG,1,0.07448586076498032
mvtec_macaroni1,D:\STUDY\My_github\sci_project\data\patchcore_closeout\visa_s0_k1\macaroni1\test\bad\071.JPG,1,0.31934645771980286
mvtec_macaroni1,D:\STUDY\My_github\sci_project\data\patchcore_closeout\visa_s0_k1\macaroni1\test\bad\072.JPG,1,0.3124706447124481
mvtec_macaroni1,D:\STUDY\My_github\sci_project\data\patchcore_closeout\visa_s0_k1\macaroni1\test\bad\073.JPG,1,0.15056811273097992
mvtec_macaroni1,D:\STUDY\My_github\sci_project\data\patchcore_closeout\visa_s0_k1\macaroni1\test\bad\074.JPG,1,0.25238993763923645
mvtec_macaroni1,D:\STUDY\My_github\sci_project\data\patchcore_closeout\visa_s0_k1\macaroni1\test\bad\075.JPG,1,0.2743583917617798
mvtec_macaroni1,D:\STUDY\My_github\sci_project\data\patchcore_closeout\visa_s0_k1\macaroni1\test\bad\076.JPG,1,0.2786614000797272
mvtec_macaroni1,D:\STUDY\My_github\sci_project\data\patchcore_closeout\visa_s0_k1\macaroni1\test\bad\077.JPG,1,0.4580353796482086
mvtec_macaroni1,D:\STUDY\My_github\sci_project\data\patchcore_closeout\visa_s0_k1\macaroni1\test\bad\078.JPG,1,0.269877165555954
mvtec_macaroni1,D:\STUDY\My_github\sci_project\data\patchcore_closeout\visa_s0_k1\macaroni1\test\bad\079.JPG,1,0.3809811472892761
mvtec_macaroni1,D:\STUDY\My_github\sci_project\data\patchcore_closeout\visa_s0_k1\macaroni1\test\bad\080.JPG,1,0.36783531308174133
mvtec_macaroni1,D:\STUDY\My_github\sci_project\data\patchcore_closeout\visa_s0_k1\macaroni1\test\bad\081.JPG,1,0.26844969391822815
mvtec_macaroni1,D:\STUDY\My_github\sci_project\data\patchcore_closeout\visa_s0_k1\macaroni1\test\bad\082.JPG,1,0.1075235977768898
mvtec_macaroni1,D:\STUDY\My_github\sci_project\data\patchcore_closeout\visa_s0_k1\macaroni1\test\bad\083.JPG,1,0.18398413062095642
mvtec_macaroni1,D:\STUDY\My_github\sci_project\data\patchcore_closeout\visa_s0_k1\macaroni1\test\bad\084.JPG,1,0.18658646941184998
mvtec_macaroni1,D:\STUDY\My_github\sci_project\data\patchcore_closeout\visa_s0_k1\macaroni1\test\bad\085.JPG,1,0.19928409159183502
mvtec_macaroni1,D:\STUDY\My_github\sci_project\data\patchcore_closeout\visa_s0_k1\macaroni1\test\bad\086.JPG,1,0.18596285581588745
mvtec_macaroni1,D:\STUDY\My_github\sci_project\data\patchcore_closeout\visa_s0_k1\macaroni1\test\bad\087.JPG,1,0.11335509270429611
mvtec_macaroni1,D:\STUDY\My_github\sci_project\data\patchcore_closeout\visa_s0_k1\macaroni1\test\bad\088.JPG,1,0.4304213523864746
mvtec_macaroni1,D:\STUDY\My_github\sci_project\data\patchcore_closeout\visa_s0_k1\macaroni1\test\bad\089.JPG,1,0.1820971518754959
mvtec_macaroni1,D:\STUDY\My_github\sci_project\data\patchcore_closeout\visa_s0_k1\macaroni1\test\bad\090.JPG,1,0.15649984776973724
mvtec_macaroni1,D:\STUDY\My_github\sci_project\data\patchcore_closeout\visa_s0_k1\macaroni1\test\bad\091.JPG,1,0.3421640396118164
mvtec_macaroni1,D:\STUDY\My_github\sci_project\data\patchcore_closeout\visa_s0_k1\macaroni1\test\bad\092.JPG,1,0.3169526755809784
mvtec_macaroni1,D:\STUDY\My_github\sci_project\data\patchcore_closeout\visa_s0_k1\macaroni1\test\bad\093.JPG,1,0.5157052874565125
mvtec_macaroni1,D:\STUDY\My_github\sci_project\data\patchcore_closeout\visa_s0_k1\macaroni1\test\bad\094.JPG,1,0.16216765344142914
mvtec_macaroni1,D:\STUDY\My_github\sci_project\data\patchcore_closeout\visa_s0_k1\macaroni1\test\bad\095.JPG,1,0.3331640064716339
mvtec_macaroni1,D:\STUDY\My_github\sci_project\data\patchcore_closeout\visa_s0_k1\macaroni1\test\bad\096.JPG,1,0.51039719581604
mvtec_macaroni1,D:\STUDY\My_github\sci_project\data\patchcore_closeout\visa_s0_k1\macaroni1\test\bad\097.JPG,1,0.3536318242549896
mvtec_macaroni1,D:\STUDY\My_github\sci_project\data\patchcore_closeout\visa_s0_k1\macaroni1\test\bad\098.JPG,1,0.4115111231803894
mvtec_macaroni1,D:\STUDY\My_github\sci_project\data\patchcore_closeout\visa_s0_k1\macaroni1\test\bad\099.JPG,1,0.392042338848114
mvtec_macaroni1,D:\STUDY\My_github\sci_project\data\patchcore_closeout\visa_s0_k1\macaroni1\test\good\0011.JPG,0,0.15271173417568207
mvtec_macaroni1,D:\STUDY\My_github\sci_project\data\patchcore_closeout\visa_s0_k1\macaroni1\test\good\0013.JPG,0,0.2461870312690735
mvtec_macaroni1,D:\STUDY\My_github\sci_project\data\patchcore_closeout\visa_s0_k1\macaroni1\test\good\0016.JPG,0,0.118149533867836
mvtec_macaroni1,D:\STUDY\My_github\sci_project\data\patchcore_closeout\visa_s0_k1\macaroni1\test\good\0024.JPG,0,0.21143771708011627
mvtec_macaroni1,D:\STUDY\My_github\sci_project\data\patchcore_closeout\visa_s0_k1\macaroni1\test\good\0026.JPG,0,0.2884567975997925
mvtec_macaroni1,D:\STUDY\My_github\sci_project\data\patchcore_closeout\visa_s0_k1\macaroni1\test\good\0027.JPG,0,0.16539359092712402
mvtec_macaroni1,D:\STUDY\My_github\sci_project\data\patchcore_closeout\visa_s0_k1\macaroni1\test\good\0046.JPG,0,0.14902910590171814
mvtec_macaroni1,D:\STUDY\My_github\sci_project\data\patchcore_closeout\visa_s0_k1\macaroni1\test\good\0100.JPG,0,0.08406161516904831
mvtec_macaroni1,D:\STUDY\My_github\sci_project\data\patchcore_closeout\visa_s0_k1\macaroni1\test\good\0107.JPG,0,0.1978117674589157
mvtec_macaroni1,D:\STUDY\My_github\sci_project\data\patchcore_closeout\visa_s0_k1\macaroni1\test\good\0159.JPG,0,0.23907357454299927
mvtec_macaroni1,D:\STUDY\My_github\sci_project\data\patchcore_closeout\visa_s0_k1\macaroni1\test\good\0168.JPG,0,0.20264863967895508
mvtec_macaroni1,D:\STUDY\My_github\sci_project\data\patchcore_closeout\visa_s0_k1\macaroni1\test\good\0170.JPG,0,0.22510570287704468
mvtec_macaroni1,D:\STUDY\My_github\sci_project\data\patchcore_closeout\visa_s0_k1\macaroni1\test\good\0172.JPG,0,0.26430147886276245
mvtec_macaroni1,D:\STUDY\My_github\sci_project\data\patchcore_closeout\visa_s0_k1\macaroni1\test\good\0174.JPG,0,0.30597108602523804
mvtec_macaroni1,D:\STUDY\My_github\sci_project\data\patchcore_closeout\visa_s0_k1\macaroni1\test\good\0178.JPG,0,0.019373387098312378
mvtec_macaroni1,D:\STUDY\My_github\sci_project\data\patchcore_closeout\visa_s0_k1\macaroni1\test\good\0187.JPG,0,0.50806725025177
mvtec_macaroni1,D:\STUDY\My_github\sci_project\data\patchcore_closeout\visa_s0_k1\macaroni1\test\good\0196.JPG,0,0.3206902742385864
mvtec_macaroni1,D:\STUDY\My_github\sci_project\data\patchcore_closeout\visa_s0_k1\macaroni1\test\good\0208.JPG,0,0.27577292919158936
mvtec_macaroni1,D:\STUDY\My_github\sci_project\data\patchcore_closeout\visa_s0_k1\macaroni1\test\good\0214.JPG,0,0.043074022978544235
mvtec_macaroni1,D:\STUDY\My_github\sci_project\data\patchcore_closeout\visa_s0_k1\macaroni1\test\good\0215.JPG,0,0.10635358095169067
mvtec_macaroni1,D:\STUDY\My_github\sci_project\data\patchcore_closeout\visa_s0_k1\macaroni1\test\good\0237.JPG,0,0.11492077261209488
mvtec_macaroni1,D:\STUDY\My_github\sci_project\data\patchcore_closeout\visa_s0_k1\macaroni1\test\good\0261.JPG,0,0.3643636405467987
mvtec_macaroni1,D:\STUDY\My_github\sci_project\data\patchcore_closeout\visa_s0_k1\macaroni1\test\good\0286.JPG,0,0.14370158314704895
mvtec_macaroni1,D:\STUDY\My_github\sci_project\data\patchcore_closeout\visa_s0_k1\macaroni1\test\good\0294.JPG,0,0.3731927275657654
mvtec_macaroni1,D:\STUDY\My_github\sci_project\data\patchcore_closeout\visa_s0_k1\macaroni1\test\good\0297.JPG,0,0.3010420501232147
mvtec_macaroni1,D:\STUDY\My_github\sci_project\data\patchcore_closeout\visa_s0_k1\macaroni1\test\good\0303.JPG,0,0.03183215484023094
mvtec_macaroni1,D:\STUDY\My_github\sci_project\data\patchcore_closeout\visa_s0_k1\macaroni1\test\good\0306.JPG,0,0.4213404655456543
mvtec_macaroni1,D:\STUDY\My_github\sci_project\data\patchcore_closeout\visa_s0_k1\macaroni1\test\good\0320.JPG,0,0.039810098707675934
mvtec_macaroni1,D:\STUDY\My_github\sci_project\data\patchcore_closeout\visa_s0_k1\macaroni1\test\good\0333.JPG,0,0.23556998372077942
mvtec_macaroni1,D:\STUDY\My_github\sci_project\data\patchcore_closeout\visa_s0_k1\macaroni1\test\good\0363.JPG,0,0.02196601778268814
mvtec_macaroni1,D:\STUDY\My_github\sci_project\data\patchcore_closeout\visa_s0_k1\macaroni1\test\good\0377.JPG,0,0.04090049862861633
mvtec_macaroni1,D:\STUDY\My_github\sci_project\data\patchcore_closeout\visa_s0_k1\macaroni1\test\good\0394.JPG,0,0.06978962570428848
mvtec_macaroni1,D:\STUDY\My_github\sci_project\data\patchcore_closeout\visa_s0_k1\macaroni1\test\good\0400.JPG,0,0.05841155722737312
mvtec_macaroni1,D:\STUDY\My_github\sci_project\data\patchcore_closeout\visa_s0_k1\macaroni1\test\good\0402.JPG,0,0.12858431041240692
mvtec_macaroni1,D:\STUDY\My_github\sci_project\data\patchcore_closeout\visa_s0_k1\macaroni1\test\good\0417.JPG,0,0.3168286085128784
mvtec_macaroni1,D:\STUDY\My_github\sci_project\data\patchcore_closeout\visa_s0_k1\macaroni1\test\good\0423.JPG,0,0.1094433143734932
mvtec_macaroni1,D:\STUDY\My_github\sci_project\data\patchcore_closeout\visa_s0_k1\macaroni1\test\good\0427.JPG,0,0.45219820737838745
mvtec_macaroni1,D:\STUDY\My_github\sci_project\data\patchcore_closeout\visa_s0_k1\macaroni1\test\good\0457.JPG,0,0.30817291140556335
mvtec_macaroni1,D:\STUDY\My_github\sci_project\data\patchcore_closeout\visa_s0_k1\macaroni1\test\good\0469.JPG,0,0.08165913820266724
mvtec_macaroni1,D:\STUDY\My_github\sci_project\data\patchcore_closeout\visa_s0_k1\macaroni1\test\good\0479.JPG,0,0.07027097046375275
mvtec_macaroni1,D:\STUDY\My_github\sci_project\data\patchcore_closeout\visa_s0_k1\macaroni1\test\good\0483.JPG,0,0.7904557585716248
mvtec_macaroni1,D:\STUDY\My_github\sci_project\data\patchcore_closeout\visa_s0_k1\macaroni1\test\good\0484.JPG,0,0.3701891005039215
mvtec_macaroni1,D:\STUDY\My_github\sci_project\data\patchcore_closeout\visa_s0_k1\macaroni1\test\good\0488.JPG,0,0.41047972440719604
mvtec_macaroni1,D:\STUDY\My_github\sci_project\data\patchcore_closeout\visa_s0_k1\macaroni1\test\good\0490.JPG,0,0.10380459576845169
mvtec_macaroni1,D:\STUDY\My_github\sci_project\data\patchcore_closeout\visa_s0_k1\macaroni1\test\good\0514.JPG,0,0.25493407249450684
mvtec_macaroni1,D:\STUDY\My_github\sci_project\data\patchcore_closeout\visa_s0_k1\macaroni1\test\good\0518.JPG,0,0.39806419610977173
mvtec_macaroni1,D:\STUDY\My_github\sci_project\data\patchcore_closeout\visa_s0_k1\macaroni1\test\good\0520.JPG,0,0.07127811014652252
mvtec_macaroni1,D:\STUDY\My_github\sci_project\data\patchcore_closeout\visa_s0_k1\macaroni1\test\good\0525.JPG,0,0.24381548166275024
mvtec_macaroni1,D:\STUDY\My_github\sci_project\data\patchcore_closeout\visa_s0_k1\macaroni1\test\good\0545.JPG,0,0.35348471999168396
mvtec_macaroni1,D:\STUDY\My_github\sci_project\data\patchcore_closeout\visa_s0_k1\macaroni1\test\good\0552.JPG,0,0.029684090986847878
mvtec_macaroni1,D:\STUDY\My_github\sci_project\data\patchcore_closeout\visa_s0_k1\macaroni1\test\good\0569.JPG,0,0.4092608094215393
mvtec_macaroni1,D:\STUDY\My_github\sci_project\data\patchcore_closeout\visa_s0_k1\macaroni1\test\good\0615.JPG,0,0.08716852217912674
mvtec_macaroni1,D:\STUDY\My_github\sci_project\data\patchcore_closeout\visa_s0_k1\macaroni1\test\good\0617.JPG,0,0.03999600559473038
mvtec_macaroni1,D:\STUDY\My_github\sci_project\data\patchcore_closeout\visa_s0_k1\macaroni1\test\good\0619.JPG,0,0.3076474964618683
mvtec_macaroni1,D:\STUDY\My_github\sci_project\data\patchcore_closeout\visa_s0_k1\macaroni1\test\good\0621.JPG,0,0.31391265988349915
mvtec_macaroni1,D:\STUDY\My_github\sci_project\data\patchcore_closeout\visa_s0_k1\macaroni1\test\good\0629.JPG,0,0.25571125745773315
mvtec_macaroni1,D:\STUDY\My_github\sci_project\data\patchcore_closeout\visa_s0_k1\macaroni1\test\good\0631.JPG,0,0.2860274314880371
mvtec_macaroni1,D:\STUDY\My_github\sci_project\data\patchcore_closeout\visa_s0_k1\macaroni1\test\good\0648.JPG,0,0.26453104615211487
mvtec_macaroni1,D:\STUDY\My_github\sci_project\data\patchcore_closeout\visa_s0_k1\macaroni1\test\good\0654.JPG,0,0.3461877703666687
mvtec_macaroni1,D:\STUDY\My_github\sci_project\data\patchcore_closeout\visa_s0_k1\macaroni1\test\good\0657.JPG,0,0.4422500431537628
mvtec_macaroni1,D:\STUDY\My_github\sci_project\data\patchcore_closeout\visa_s0_k1\macaroni1\test\good\0659.JPG,0,0.04860280826687813
mvtec_macaroni1,D:\STUDY\My_github\sci_project\data\patchcore_closeout\visa_s0_k1\macaroni1\test\good\0674.JPG,0,0.4346815049648285
mvtec_macaroni1,D:\STUDY\My_github\sci_project\data\patchcore_closeout\visa_s0_k1\macaroni1\test\good\0684.JPG,0,0.31374049186706543
mvtec_macaroni1,D:\STUDY\My_github\sci_project\data\patchcore_closeout\visa_s0_k1\macaroni1\test\good\0685.JPG,0,0.1104557141661644
mvtec_macaroni1,D:\STUDY\My_github\sci_project\data\patchcore_closeout\visa_s0_k1\macaroni1\test\good\0688.JPG,0,0.1409396231174469
mvtec_macaroni1,D:\STUDY\My_github\sci_project\data\patchcore_closeout\visa_s0_k1\macaroni1\test\good\0690.JPG,0,0.35423481464385986
mvtec_macaroni1,D:\STUDY\My_github\sci_project\data\patchcore_closeout\visa_s0_k1\macaroni1\test\good\0694.JPG,0,0.44739285111427307
mvtec_macaroni1,D:\STUDY\My_github\sci_project\data\patchcore_closeout\visa_s0_k1\macaroni1\test\good\0705.JPG,0,0.0892963781952858
mvtec_macaroni1,D:\STUDY\My_github\sci_project\data\patchcore_closeout\visa_s0_k1\macaroni1\test\good\0725.JPG,0,0.3904362618923187
mvtec_macaroni1,D:\STUDY\My_github\sci_project\data\patchcore_closeout\visa_s0_k1\macaroni1\test\good\0730.JPG,0,0.0721244066953659
mvtec_macaroni1,D:\STUDY\My_github\sci_project\data\patchcore_closeout\visa_s0_k1\macaroni1\test\good\0735.JPG,0,0.24032725393772125
mvtec_macaroni1,D:\STUDY\My_github\sci_project\data\patchcore_closeout\visa_s0_k1\macaroni1\test\good\0739.JPG,0,0.24252259731292725
mvtec_macaroni1,D:\STUDY\My_github\sci_project\data\patchcore_closeout\visa_s0_k1\macaroni1\test\good\0751.JPG,0,0.26373809576034546
mvtec_macaroni1,D:\STUDY\My_github\sci_project\data\patchcore_closeout\visa_s0_k1\macaroni1\test\good\0755.JPG,0,0.38368409872055054
mvtec_macaroni1,D:\STUDY\My_github\sci_project\data\patchcore_closeout\visa_s0_k1\macaroni1\test\good\0764.JPG,0,0.10908806324005127
mvtec_macaroni1,D:\STUDY\My_github\sci_project\data\patchcore_closeout\visa_s0_k1\macaroni1\test\good\0768.JPG,0,0.2151668220758438
mvtec_macaroni1,D:\STUDY\My_github\sci_project\data\patchcore_closeout\visa_s0_k1\macaroni1\test\good\0779.JPG,0,0.2943210303783417
mvtec_macaroni1,D:\STUDY\My_github\sci_project\data\patchcore_closeout\visa_s0_k1\macaroni1\test\good\0784.JPG,0,0.17932063341140747
mvtec_macaroni1,D:\STUDY\My_github\sci_project\data\patchcore_closeout\visa_s0_k1\macaroni1\test\good\0790.JPG,0,0.3040121793746948
mvtec_macaroni1,D:\STUDY\My_github\sci_project\data\patchcore_closeout\visa_s0_k1\macaroni1\test\good\0796.JPG,0,0.17643702030181885
mvtec_macaroni1,D:\STUDY\My_github\sci_project\data\patchcore_closeout\visa_s0_k1\macaroni1\test\good\0797.JPG,0,0.5385091304779053
mvtec_macaroni1,D:\STUDY\My_github\sci_project\data\patchcore_closeout\visa_s0_k1\macaroni1\test\good\0800.JPG,0,0.3067268431186676
mvtec_macaroni1,D:\STUDY\My_github\sci_project\data\patchcore_closeout\visa_s0_k1\macaroni1\test\good\0804.JPG,0,0.16429470479488373
mvtec_macaroni1,D:\STUDY\My_github\sci_project\data\patchcore_closeout\visa_s0_k1\macaroni1\test\good\0811.JPG,0,1.0
mvtec_macaroni1,D:\STUDY\My_github\sci_project\data\patchcore_closeout\visa_s0_k1\macaroni1\test\good\0844.JPG,0,0.21934615075588226
mvtec_macaroni1,D:\STUDY\My_github\sci_project\data\patchcore_closeout\visa_s0_k1\macaroni1\test\good\0869.JPG,0,0.32695260643959045
mvtec_macaroni1,D:\STUDY\My_github\sci_project\data\patchcore_closeout\visa_s0_k1\macaroni1\test\good\0871.JPG,0,0.39064478874206543
mvtec_macaroni1,D:\STUDY\My_github\sci_project\data\patchcore_closeout\visa_s0_k1\macaroni1\test\good\0892.JPG,0,0.12315252423286438
mvtec_macaroni1,D:\STUDY\My_github\sci_project\data\patchcore_closeout\visa_s0_k1\macaroni1\test\good\0900.JPG,0,0.39558959007263184
mvtec_macaroni1,D:\STUDY\My_github\sci_project\data\patchcore_closeout\visa_s0_k1\macaroni1\test\good\0920.JPG,0,0.42175957560539246
mvtec_macaroni1,D:\STUDY\My_github\sci_project\data\patchcore_closeout\visa_s0_k1\macaroni1\test\good\0923.JPG,0,0.4570225775241852
mvtec_macaroni1,D:\STUDY\My_github\sci_project\data\patchcore_closeout\visa_s0_k1\macaroni1\test\good\0935.JPG,0,0.36380794644355774
mvtec_macaroni1,D:\STUDY\My_github\sci_project\data\patchcore_closeout\visa_s0_k1\macaroni1\test\good\0952.JPG,0,0.5608368515968323
mvtec_macaroni1,D:\STUDY\My_github\sci_project\data\patchcore_closeout\visa_s0_k1\macaroni1\test\good\0953.JPG,0,0.14829598367214203
mvtec_macaroni1,D:\STUDY\My_github\sci_project\data\patchcore_closeout\visa_s0_k1\macaroni1\test\good\0964.JPG,0,0.3589407503604889
mvtec_macaroni1,D:\STUDY\My_github\sci_project\data\patchcore_closeout\visa_s0_k1\macaroni1\test\good\0967.JPG,0,0.45564278960227966
mvtec_macaroni1,D:\STUDY\My_github\sci_project\data\patchcore_closeout\visa_s0_k1\macaroni1\test\good\0974.JPG,0,0.15686923265457153
mvtec_macaroni1,D:\STUDY\My_github\sci_project\data\patchcore_closeout\visa_s0_k1\macaroni1\test\good\0985.JPG,0,0.2930673658847809
mvtec_macaroni1,D:\STUDY\My_github\sci_project\data\patchcore_closeout\visa_s0_k1\macaroni1\test\good\0994.JPG,0,0.27862581610679626
mvtec_macaroni1,D:\STUDY\My_github\sci_project\data\patchcore_closeout\visa_s0_k1\macaroni1\test\good\0996.JPG,0,0.12257175892591476
mvtec_macaroni2,D:\STUDY\My_github\sci_project\data\patchcore_closeout\visa_s0_k1\macaroni2\test\bad\000.JPG,1,0.7513922452926636
mvtec_macaroni2,D:\STUDY\My_github\sci_project\data\patchcore_closeout\visa_s0_k1\macaroni2\test\bad\001.JPG,1,0.7983952164649963
mvtec_macaroni2,D:\STUDY\My_github\sci_project\data\patchcore_closeout\visa_s0_k1\macaroni2\test\bad\002.JPG,1,0.6148523688316345
mvtec_macaroni2,D:\STUDY\My_github\sci_project\data\patchcore_closeout\visa_s0_k1\macaroni2\test\bad\003.JPG,1,0.6259143352508545
mvtec_macaroni2,D:\STUDY\My_github\sci_project\data\patchcore_closeout\visa_s0_k1\macaroni2\test\bad\004.JPG,1,0.810999870300293
mvtec_macaroni2,D:\STUDY\My_github\sci_project\data\patchcore_closeout\visa_s0_k1\macaroni2\test\bad\005.JPG,1,0.7177833318710327
mvtec_macaroni2,D:\STUDY\My_github\sci_project\data\patchcore_closeout\visa_s0_k1\macaroni2\test\bad\006.JPG,1,0.855750322341919
mvtec_macaroni2,D:\STUDY\My_github\sci_project\data\patchcore_closeout\visa_s0_k1\macaroni2\test\bad\007.JPG,1,0.5433058738708496
mvtec_macaroni2,D:\STUDY\My_github\sci_project\data\patchcore_closeout\visa_s0_k1\macaroni2\test\bad\008.JPG,1,0.8473262786865234
mvtec_macaroni2,D:\STUDY\My_github\sci_project\data\patchcore_closeout\visa_s0_k1\macaroni2\test\bad\009.JPG,1,0.8292262554168701
mvtec_macaroni2,D:\STUDY\My_github\sci_project\data\patchcore_closeout\visa_s0_k1\macaroni2\test\bad\010.JPG,1,0.7071033120155334
mvtec_macaroni2,D:\STUDY\My_github\sci_project\data\patchcore_closeout\visa_s0_k1\macaroni2\test\bad\011.JPG,1,0.8296899199485779
mvtec_macaroni2,D:\STUDY\My_github\sci_project\data\patchcore_closeout\visa_s0_k1\macaroni2\test\bad\012.JPG,1,0.66058349609375
mvtec_macaroni2,D:\STUDY\My_github\sci_project\data\patchcore_closeout\visa_s0_k1\macaroni2\test\bad\013.JPG,1,0.8106182813644409
mvtec_macaroni2,D:\STUDY\My_github\sci_project\data\patchcore_closeout\visa_s0_k1\macaroni2\test\bad\014.JPG,1,0.5405663847923279
mvtec_macaroni2,D:\STUDY\My_github\sci_project\data\patchcore_closeout\visa_s0_k1\macaroni2\test\bad\015.JPG,1,0.9382725954055786
mvtec_macaroni2,D:\STUDY\My_github\sci_project\data\patchcore_closeout\visa_s0_k1\macaroni2\test\bad\016.JPG,1,0.7041637897491455
mvtec_macaroni2,D:\STUDY\My_github\sci_project\data\patchcore_closeout\visa_s0_k1\macaroni2\test\bad\017.JPG,1,0.7320476770401001
mvtec_macaroni2,D:\STUDY\My_github\sci_project\data\patchcore_closeout\visa_s0_k1\macaroni2\test\bad\018.JPG,1,0.4818200170993805
mvtec_macaroni2,D:\STUDY\My_github\sci_project\data\patchcore_closeout\visa_s0_k1\macaroni2\test\bad\019.JPG,1,0.46395599842071533
mvtec_macaroni2,D:\STUDY\My_github\sci_project\data\patchcore_closeout\visa_s0_k1\macaroni2\test\bad\020.JPG,1,0.3226364552974701
mvtec_macaroni2,D:\STUDY\My_github\sci_project\data\patchcore_closeout\visa_s0_k1\macaroni2\test\bad\021.JPG,1,0.8833221197128296
mvtec_macaroni2,D:\STUDY\My_github\sci_project\data\patchcore_closeout\visa_s0_k1\macaroni2\test\bad\022.JPG,1,0.9343286752700806
mvtec_macaroni2,D:\STUDY\My_github\sci_project\data\patchcore_closeout\visa_s0_k1\macaroni2\test\bad\023.JPG,1,0.3707188367843628
mvtec_macaroni2,D:\STUDY\My_github\sci_project\data\patchcore_closeout\visa_s0_k1\macaroni2\test\bad\024.JPG,1,0.9444951415061951
mvtec_macaroni2,D:\STUDY\My_github\sci_project\data\patchcore_closeout\visa_s0_k1\macaroni2\test\bad\025.JPG,1,0.2935684025287628
mvtec_macaroni2,D:\STUDY\My_github\sci_project\data\patchcore_closeout\visa_s0_k1\macaroni2\test\bad\026.JPG,1,0.6379146575927734
mvtec_macaroni2,D:\STUDY\My_github\sci_project\data\patchcore_closeout\visa_s0_k1\macaroni2\test\bad\027.JPG,1,0.6033791899681091
mvtec_macaroni2,D:\STUDY\My_github\sci_project\data\patchcore_closeout\visa_s0_k1\macaroni2\test\bad\028.JPG,1,0.7564260959625244
mvtec_macaroni2,D:\STUDY\My_github\sci_project\data\patchcore_closeout\visa_s0_k1\macaroni2\test\bad\029.JPG,1,0.7192659974098206
mvtec_macaroni2,D:\STUDY\My_github\sci_project\data\patchcore_closeout\visa_s0_k1\macaroni2\test\bad\030.JPG,1,0.5702991485595703
mvtec_macaroni2,D:\STUDY\My_github\sci_project\data\patchcore_closeout\visa_s0_k1\macaroni2\test\bad\031.JPG,1,0.7386311888694763
mvtec_macaroni2,D:\STUDY\My_github\sci_project\data\patchcore_closeout\visa_s0_k1\macaroni2\test\bad\032.JPG,1,0.8573614954948425
mvtec_macaroni2,D:\STUDY\My_github\sci_project\data\patchcore_closeout\visa_s0_k1\macaroni2\test\bad\033.JPG,1,0.7568027973175049
mvtec_macaroni2,D:\STUDY\My_github\sci_project\data\patchcore_closeout\visa_s0_k1\macaroni2\test\bad\034.JPG,1,0.8246410489082336
mvtec_macaroni2,D:\STUDY\My_github\sci_project\data\patchcore_closeout\visa_s0_k1\macaroni2\test\bad\035.JPG,1,0.6872214078903198
mvtec_macaroni2,D:\STUDY\My_github\sci_project\data\patchcore_closeout\visa_s0_k1\macaroni2\test\bad\036.JPG,1,0.8857575058937073
mvtec_macaroni2,D:\STUDY\My_github\sci_project\data\patchcore_closeout\visa_s0_k1\macaroni2\test\bad\037.JPG,1,0.9440004229545593
mvtec_macaroni2,D:\STUDY\My_github\sci_project\data\patchcore_closeout\visa_s0_k1\macaroni2\test\bad\038.JPG,1,0.8282135128974915
mvtec_macaroni2,D:\STUDY\My_github\sci_project\data\patchcore_closeout\visa_s0_k1\macaroni2\test\bad\039.JPG,1,0.5518150925636292
mvtec_macaroni2,D:\STUDY\My_github\sci_project\data\patchcore_closeout\visa_s0_k1\macaroni2\test\bad\040.JPG,1,0.8495934009552002
mvtec_macaroni2,D:\STUDY\My_github\sci_project\data\patchcore_closeout\visa_s0_k1\macaroni2\test\bad\041.JPG,1,0.8820171356201172
mvtec_macaroni2,D:\STUDY\My_github\sci_project\data\patchcore_closeout\visa_s0_k1\macaroni2\test\bad\042.JPG,1,0.6856891512870789
mvtec_macaroni2,D:\STUDY\My_github\sci_project\data\patchcore_closeout\visa_s0_k1\macaroni2\test\bad\043.JPG,1,0.15715210139751434
mvtec_macaroni2,D:\STUDY\My_github\sci_project\data\patchcore_closeout\visa_s0_k1\macaroni2\test\bad\044.JPG,1,0.6934970617294312
mvtec_macaroni2,D:\STUDY\My_github\sci_project\data\patchcore_closeout\visa_s0_k1\macaroni2\test\bad\045.JPG,1,0.776919960975647
mvtec_macaroni2,D:\STUDY\My_github\sci_project\data\patchcore_closeout\visa_s0_k1\macaroni2\test\bad\046.JPG,1,0.8384166359901428
mvtec_macaroni2,D:\STUDY\My_github\sci_project\data\patchcore_closeout\visa_s0_k1\macaroni2\test\bad\047.JPG,1,0.7124083638191223
mvtec_macaroni2,D:\STUDY\My_github\sci_project\data\patchcore_closeout\visa_s0_k1\macaroni2\test\bad\048.JPG,1,0.6531146168708801
mvtec_macaroni2,D:\STUDY\My_github\sci_project\data\patchcore_closeout\visa_s0_k1\macaroni2\test\bad\049.JPG,1,0.7241556644439697
mvtec_macaroni2,D:\STUDY\My_github\sci_project\data\patchcore_closeout\visa_s0_k1\macaroni2\test\bad\050.JPG,1,0.9503245949745178
mvtec_macaroni2,D:\STUDY\My_github\sci_project\data\patchcore_closeout\visa_s0_k1\macaroni2\test\bad\051.JPG,1,0.4966663420200348
mvtec_macaroni2,D:\STUDY\My_github\sci_project\data\patchcore_closeout\visa_s0_k1\macaroni2\test\bad\052.JPG,1,0.21122629940509796
mvtec_macaroni2,D:\STUDY\My_github\sci_project\data\patchcore_closeout\visa_s0_k1\macaroni2\test\bad\053.JPG,1,0.7123511433601379
mvtec_macaroni2,D:\STUDY\My_github\sci_project\data\patchcore_closeout\visa_s0_k1\macaroni2\test\bad\054.JPG,1,0.47712135314941406
mvtec_macaroni2,D:\STUDY\My_github\sci_project\data\patchcore_closeout\visa_s0_k1\macaroni2\test\bad\055.JPG,1,0.6901207566261292
mvtec_macaroni2,D:\STUDY\My_github\sci_project\data\patchcore_closeout\visa_s0_k1\macaroni2\test\bad\056.JPG,1,0.6678135991096497
mvtec_macaroni2,D:\STUDY\My_github\sci_project\data\patchcore_closeout\visa_s0_k1\macaroni2\test\bad\057.JPG,1,0.423064261674881
mvtec_macaroni2,D:\STUDY\My_github\sci_project\data\patchcore_closeout\visa_s0_k1\macaroni2\test\bad\058.JPG,1,0.6132670640945435
mvtec_macaroni2,D:\STUDY\My_github\sci_project\data\patchcore_closeout\visa_s0_k1\macaroni2\test\bad\059.JPG,1,0.6870255470275879
mvtec_macaroni2,D:\STUDY\My_github\sci_project\data\patchcore_closeout\visa_s0_k1\macaroni2\test\bad\060.JPG,1,0.688836395740509
mvtec_macaroni2,D:\STUDY\My_github\sci_project\data\patchcore_closeout\visa_s0_k1\macaroni2\test\bad\061.JPG,1,0.44190335273742676
mvtec_macaroni2,D:\STUDY\My_github\sci_project\data\patchcore_closeout\visa_s0_k1\macaroni2\test\bad\062.JPG,1,0.7898223996162415
mvtec_macaroni2,D:\STUDY\My_github\sci_project\data\patchcore_closeout\visa_s0_k1\macaroni2\test\bad\063.JPG,1,0.6522051692008972
mvtec_macaroni2,D:\STUDY\My_github\sci_project\data\patchcore_closeout\visa_s0_k1\macaroni2\test\bad\064.JPG,1,0.777777373790741
mvtec_macaroni2,D:\STUDY\My_github\sci_project\data\patchcore_closeout\visa_s0_k1\macaroni2\test\bad\065.JPG,1,0.818038284778595
mvtec_macaroni2,D:\STUDY\My_github\sci_project\data\patchcore_closeout\visa_s0_k1\macaroni2\test\bad\066.JPG,1,0.946331799030304
mvtec_macaroni2,D:\STUDY\My_github\sci_project\data\patchcore_closeout\visa_s0_k1\macaroni2\test\bad\067.JPG,1,0.7390455603599548
mvtec_macaroni2,D:\STUDY\My_github\sci_project\data\patchcore_closeout\visa_s0_k1\macaroni2\test\bad\068.JPG,1,0.7795141935348511
mvtec_macaroni2,D:\STUDY\My_github\sci_project\data\patchcore_closeout\visa_s0_k1\macaroni2\test\bad\069.JPG,1,0.9133739471435547
mvtec_macaroni2,D:\STUDY\My_github\sci_project\data\patchcore_closeout\visa_s0_k1\macaroni2\test\bad\070.JPG,1,0.7615395188331604
mvtec_macaroni2,D:\STUDY\My_github\sci_project\data\patchcore_closeout\visa_s0_k1\macaroni2\test\bad\071.JPG,1,0.8659524321556091
mvtec_macaroni2,D:\STUDY\My_github\sci_project\data\patchcore_closeout\visa_s0_k1\macaroni2\test\bad\072.JPG,1,0.8001676201820374
mvtec_macaroni2,D:\STUDY\My_github\sci_project\data\patchcore_closeout\visa_s0_k1\macaroni2\test\bad\073.JPG,1,0.8562394380569458
mvtec_macaroni2,D:\STUDY\My_github\sci_project\data\patchcore_closeout\visa_s0_k1\macaroni2\test\bad\074.JPG,1,0.7570241093635559
mvtec_macaroni2,D:\STUDY\My_github\sci_project\data\patchcore_closeout\visa_s0_k1\macaroni2\test\bad\075.JPG,1,0.8076574802398682
mvtec_macaroni2,D:\STUDY\My_github\sci_project\data\patchcore_closeout\visa_s0_k1\macaroni2\test\bad\076.JPG,1,0.7653308510780334
mvtec_macaroni2,D:\STUDY\My_github\sci_project\data\patchcore_closeout\visa_s0_k1\macaroni2\test\bad\077.JPG,1,0.5476760268211365
mvtec_macaroni2,D:\STUDY\My_github\sci_project\data\patchcore_closeout\visa_s0_k1\macaroni2\test\bad\078.JPG,1,0.9478832483291626
mvtec_macaroni2,D:\STUDY\My_github\sci_project\data\patchcore_closeout\visa_s0_k1\macaroni2\test\bad\079.JPG,1,0.7312461137771606
mvtec_macaroni2,D:\STUDY\My_github\sci_project\data\patchcore_closeout\visa_s0_k1\macaroni2\test\bad\080.JPG,1,0.8553422689437866
mvtec_macaroni2,D:\STUDY\My_github\sci_project\data\patchcore_closeout\visa_s0_k1\macaroni2\test\bad\081.JPG,1,0.6581355333328247
mvtec_macaroni2,D:\STUDY\My_github\sci_project\data\patchcore_closeout\visa_s0_k1\macaroni2\test\bad\082.JPG,1,0.700775682926178
mvtec_macaroni2,D:\STUDY\My_github\sci_project\data\patchcore_closeout\visa_s0_k1\macaroni2\test\bad\083.JPG,1,0.9396623969078064
mvtec_macaroni2,D:\STUDY\My_github\sci_project\data\patchcore_closeout\visa_s0_k1\macaroni2\test\bad\084.JPG,1,0.8511912822723389
mvtec_macaroni2,D:\STUDY\My_github\sci_project\data\patchcore_closeout\visa_s0_k1\macaroni2\test\bad\085.JPG,1,0.8423318862915039
mvtec_macaroni2,D:\STUDY\My_github\sci_project\data\patchcore_closeout\visa_s0_k1\macaroni2\test\bad\086.JPG,1,0.7880845665931702
mvtec_macaroni2,D:\STUDY\My_github\sci_project\data\patchcore_closeout\visa_s0_k1\macaroni2\test\bad\087.JPG,1,0.815841019153595
mvtec_macaroni2,D:\STUDY\My_github\sci_project\data\patchcore_closeout\visa_s0_k1\macaroni2\test\bad\088.JPG,1,0.6409149169921875
mvtec_macaroni2,D:\STUDY\My_github\sci_project\data\patchcore_closeout\visa_s0_k1\macaroni2\test\bad\089.JPG,1,0.7785971164703369
mvtec_macaroni2,D:\STUDY\My_github\sci_project\data\patchcore_closeout\visa_s0_k1\macaroni2\test\bad\090.JPG,1,0.655279815196991
mvtec_macaroni2,D:\STUDY\My_github\sci_project\data\patchcore_closeout\visa_s0_k1\macaroni2\test\bad\091.JPG,1,0.5540532469749451
mvtec_macaroni2,D:\STUDY\My_github\sci_project\data\patchcore_closeout\visa_s0_k1\macaroni2\test\bad\092.JPG,1,0.610937774181366
mvtec_macaroni2,D:\STUDY\My_github\sci_project\data\patchcore_closeout\visa_s0_k1\macaroni2\test\bad\093.JPG,1,0.7659474015235901
mvtec_macaroni2,D:\STUDY\My_github\sci_project\data\patchcore_closeout\visa_s0_k1\macaroni2\test\bad\094.JPG,1,0.5455297231674194
mvtec_macaroni2,D:\STUDY\My_github\sci_project\data\patchcore_closeout\visa_s0_k1\macaroni2\test\bad\095.JPG,1,0.7480753660202026
mvtec_macaroni2,D:\STUDY\My_github\sci_project\data\patchcore_closeout\visa_s0_k1\macaroni2\test\bad\096.JPG,1,0.9499238133430481
mvtec_macaroni2,D:\STUDY\My_github\sci_project\data\patchcore_closeout\visa_s0_k1\macaroni2\test\bad\097.JPG,1,0.9119150042533875
mvtec_macaroni2,D:\STUDY\My_github\sci_project\data\patchcore_closeout\visa_s0_k1\macaroni2\test\bad\098.JPG,1,0.9094551801681519
mvtec_macaroni2,D:\STUDY\My_github\sci_project\data\patchcore_closeout\visa_s0_k1\macaroni2\test\bad\099.JPG,1,0.6904587149620056
mvtec_macaroni2,D:\STUDY\My_github\sci_project\data\patchcore_closeout\visa_s0_k1\macaroni2\test\good\0011.JPG,0,0.7836941480636597
mvtec_macaroni2,D:\STUDY\My_github\sci_project\data\patchcore_closeout\visa_s0_k1\macaroni2\test\good\0013.JPG,0,0.8724860548973083
mvtec_macaroni2,D:\STUDY\My_github\sci_project\data\patchcore_closeout\visa_s0_k1\macaroni2\test\good\0016.JPG,0,0.5384329557418823
mvtec_macaroni2,D:\STUDY\My_github\sci_project\data\patchcore_closeout\visa_s0_k1\macaroni2\test\good\0024.JPG,0,0.6971023082733154
mvtec_macaroni2,D:\STUDY\My_github\sci_project\data\patchcore_closeout\visa_s0_k1\macaroni2\test\good\0026.JPG,0,0.701133131980896
mvtec_macaroni2,D:\STUDY\My_github\sci_project\data\patchcore_closeout\visa_s0_k1\macaroni2\test\good\0027.JPG,0,0.4057113230228424
mvtec_macaroni2,D:\STUDY\My_github\sci_project\data\patchcore_closeout\visa_s0_k1\macaroni2\test\good\0046.JPG,0,0.6842427849769592
mvtec_macaroni2,D:\STUDY\My_github\sci_project\data\patchcore_closeout\visa_s0_k1\macaroni2\test\good\0100.JPG,0,0.7382740378379822
mvtec_macaroni2,D:\STUDY\My_github\sci_project\data\patchcore_closeout\visa_s0_k1\macaroni2\test\good\0107.JPG,0,0.9011421799659729
mvtec_macaroni2,D:\STUDY\My_github\sci_project\data\patchcore_closeout\visa_s0_k1\macaroni2\test\good\0159.JPG,0,0.28976866602897644
mvtec_macaroni2,D:\STUDY\My_github\sci_project\data\patchcore_closeout\visa_s0_k1\macaroni2\test\good\0168.JPG,0,0.5659348964691162
mvtec_macaroni2,D:\STUDY\My_github\sci_project\data\patchcore_closeout\visa_s0_k1\macaroni2\test\good\0170.JPG,0,0.6730921864509583
mvtec_macaroni2,D:\STUDY\My_github\sci_project\data\patchcore_closeout\visa_s0_k1\macaroni2\test\good\0172.JPG,0,0.568113386631012
mvtec_macaroni2,D:\STUDY\My_github\sci_project\data\patchcore_closeout\visa_s0_k1\macaroni2\test\good\0174.JPG,0,0.663608193397522
mvtec_macaroni2,D:\STUDY\My_github\sci_project\data\patchcore_closeout\visa_s0_k1\macaroni2\test\good\0178.JPG,0,0.6412818431854248
mvtec_macaroni2,D:\STUDY\My_github\sci_project\data\patchcore_closeout\visa_s0_k1\macaroni2\test\good\0187.JPG,0,0.603244423866272
mvtec_macaroni2,D:\STUDY\My_github\sci_project\data\patchcore_closeout\visa_s0_k1\macaroni2\test\good\0196.JPG,0,0.7028825283050537
mvtec_macaroni2,D:\STUDY\My_github\sci_project\data\patchcore_closeout\visa_s0_k1\macaroni2\test\good\0208.JPG,0,0.5105599164962769
mvtec_macaroni2,D:\STUDY\My_github\sci_project\data\patchcore_closeout\visa_s0_k1\macaroni2\test\good\0214.JPG,0,0.7834724187850952
mvtec_macaroni2,D:\STUDY\My_github\sci_project\data\patchcore_closeout\visa_s0_k1\macaroni2\test\good\0215.JPG,0,0.8051365613937378
mvtec_macaroni2,D:\STUDY\My_github\sci_project\data\patchcore_closeout\visa_s0_k1\macaroni2\test\good\0237.JPG,0,0.839501678943634
mvtec_macaroni2,D:\STUDY\My_github\sci_project\data\patchcore_closeout\visa_s0_k1\macaroni2\test\good\0261.JPG,0,0.9051178097724915
mvtec_macaroni2,D:\STUDY\My_github\sci_project\data\patchcore_closeout\visa_s0_k1\macaroni2\test\good\0286.JPG,0,0.7526829242706299
mvtec_macaroni2,D:\STUDY\My_github\sci_project\data\patchcore_closeout\visa_s0_k1\macaroni2\test\good\0294.JPG,0,0.8462695479393005
mvtec_macaroni2,D:\STUDY\My_github\sci_project\data\patchcore_closeout\visa_s0_k1\macaroni2\test\good\0297.JPG,0,0.7220368981361389
mvtec_macaroni2,D:\STUDY\My_github\sci_project\data\patchcore_closeout\visa_s0_k1\macaroni2\test\good\0303.JPG,0,0.8800621032714844
mvtec_macaroni2,D:\STUDY\My_github\sci_project\data\patchcore_closeout\visa_s0_k1\macaroni2\test\good\0306.JPG,0,0.7764574289321899
mvtec_macaroni2,D:\STUDY\My_github\sci_project\data\patchcore_closeout\visa_s0_k1\macaroni2\test\good\0320.JPG,0,0.7073099613189697
mvtec_macaroni2,D:\STUDY\My_github\sci_project\data\patchcore_closeout\visa_s0_k1\macaroni2\test\good\0333.JPG,0,0.6176525950431824
mvtec_macaroni2,D:\STUDY\My_github\sci_project\data\patchcore_closeout\visa_s0_k1\macaroni2\test\good\0363.JPG,0,0.8798917531967163
mvtec_macaroni2,D:\STUDY\My_github\sci_project\data\patchcore_closeout\visa_s0_k1\macaroni2\test\good\0377.JPG,0,0.6792113780975342
mvtec_macaroni2,D:\STUDY\My_github\sci_project\data\patchcore_closeout\visa_s0_k1\macaroni2\test\good\0394.JPG,0,0.8196766972541809
mvtec_macaroni2,D:\STUDY\My_github\sci_project\data\patchcore_closeout\visa_s0_k1\macaroni2\test\good\0400.JPG,0,0.7511639595031738
mvtec_macaroni2,D:\STUDY\My_github\sci_project\data\patchcore_closeout\visa_s0_k1\macaroni2\test\good\0402.JPG,0,0.6834293603897095
mvtec_macaroni2,D:\STUDY\My_github\sci_project\data\patchcore_closeout\visa_s0_k1\macaroni2\test\good\0417.JPG,0,0.6913601160049438
mvtec_macaroni2,D:\STUDY\My_github\sci_project\data\patchcore_closeout\visa_s0_k1\macaroni2\test\good\0423.JPG,0,0.45065975189208984
mvtec_macaroni2,D:\STUDY\My_github\sci_project\data\patchcore_closeout\visa_s0_k1\macaroni2\test\good\0427.JPG,0,0.6506003141403198
mvtec_macaroni2,D:\STUDY\My_github\sci_project\data\patchcore_closeout\visa_s0_k1\macaroni2\test\good\0457.JPG,0,0.8618981838226318
mvtec_macaroni2,D:\STUDY\My_github\sci_project\data\patchcore_closeout\visa_s0_k1\macaroni2\test\good\0469.JPG,0,0.7470664381980896
mvtec_macaroni2,D:\STUDY\My_github\sci_project\data\patchcore_closeout\visa_s0_k1\macaroni2\test\good\0479.JPG,0,0.8602608442306519
mvtec_macaroni2,D:\STUDY\My_github\sci_project\data\patchcore_closeout\visa_s0_k1\macaroni2\test\good\0483.JPG,0,0.5876677632331848
mvtec_macaroni2,D:\STUDY\My_github\sci_project\data\patchcore_closeout\visa_s0_k1\macaroni2\test\good\0484.JPG,0,0.7260164022445679
mvtec_macaroni2,D:\STUDY\My_github\sci_project\data\patchcore_closeout\visa_s0_k1\macaroni2\test\good\0488.JPG,0,0.6904492974281311
mvtec_macaroni2,D:\STUDY\My_github\sci_project\data\patchcore_closeout\visa_s0_k1\macaroni2\test\good\0490.JPG,0,0.4619503617286682
mvtec_macaroni2,D:\STUDY\My_github\sci_project\data\patchcore_closeout\visa_s0_k1\macaroni2\test\good\0514.JPG,0,0.7119744420051575
mvtec_macaroni2,D:\STUDY\My_github\sci_project\data\patchcore_closeout\visa_s0_k1\macaroni2\test\good\0518.JPG,0,0.8018280267715454
mvtec_macaroni2,D:\STUDY\My_github\sci_project\data\patchcore_closeout\visa_s0_k1\macaroni2\test\good\0520.JPG,0,0.7967376112937927
mvtec_macaroni2,D:\STUDY\My_github\sci_project\data\patchcore_closeout\visa_s0_k1\macaroni2\test\good\0525.JPG,0,0.876427173614502
mvtec_macaroni2,D:\STUDY\My_github\sci_project\data\patchcore_closeout\visa_s0_k1\macaroni2\test\good\0545.JPG,0,0.8825729489326477
mvtec_macaroni2,D:\STUDY\My_github\sci_project\data\patchcore_closeout\visa_s0_k1\macaroni2\test\good\0552.JPG,0,0.4254109859466553
mvtec_macaroni2,D:\STUDY\My_github\sci_project\data\patchcore_closeout\visa_s0_k1\macaroni2\test\good\0569.JPG,0,0.8214187622070312
mvtec_macaroni2,D:\STUDY\My_github\sci_project\data\patchcore_closeout\visa_s0_k1\macaroni2\test\good\0615.JPG,0,0.5510072708129883
mvtec_macaroni2,D:\STUDY\My_github\sci_project\data\patchcore_closeout\visa_s0_k1\macaroni2\test\good\0617.JPG,0,0.6194096803665161
mvtec_macaroni2,D:\STUDY\My_github\sci_project\data\patchcore_closeout\visa_s0_k1\macaroni2\test\good\0619.JPG,0,0.8727318048477173
mvtec_macaroni2,D:\STUDY\My_github\sci_project\data\patchcore_closeout\visa_s0_k1\macaroni2\test\good\0621.JPG,0,0.869367778301239
mvtec_macaroni2,D:\STUDY\My_github\sci_project\data\patchcore_closeout\visa_s0_k1\macaroni2\test\good\0629.JPG,0,0.8793572783470154
mvtec_macaroni2,D:\STUDY\My_github\sci_project\data\patchcore_closeout\visa_s0_k1\macaroni2\test\good\0631.JPG,0,0.6577392816543579
mvtec_macaroni2,D:\STUDY\My_github\sci_project\data\patchcore_closeout\visa_s0_k1\macaroni2\test\good\0648.JPG,0,0.8039394617080688
mvtec_macaroni2,D:\STUDY\My_github\sci_project\data\patchcore_closeout\visa_s0_k1\macaroni2\test\good\0654.JPG,0,0.9563841223716736
mvtec_macaroni2,D:\STUDY\My_github\sci_project\data\patchcore_closeout\visa_s0_k1\macaroni2\test\good\0657.JPG,0,0.7010252475738525
mvtec_macaroni2,D:\STUDY\My_github\sci_project\data\patchcore_closeout\visa_s0_k1\macaroni2\test\good\0659.JPG,0,0.7620970606803894
mvtec_macaroni2,D:\STUDY\My_github\sci_project\data\patchcore_closeout\visa_s0_k1\macaroni2\test\good\0674.JPG,0,0.8244546055793762
mvtec_macaroni2,D:\STUDY\My_github\sci_project\data\patchcore_closeout\visa_s0_k1\macaroni2\test\good\0684.JPG,0,0.7320864200592041
mvtec_macaroni2,D:\STUDY\My_github\sci_project\data\patchcore_closeout\visa_s0_k1\macaroni2\test\good\0685.JPG,0,0.7212607860565186
mvtec_macaroni2,D:\STUDY\My_github\sci_project\data\patchcore_closeout\visa_s0_k1\macaroni2\test\good\0688.JPG,0,0.7192474603652954
mvtec_macaroni2,D:\STUDY\My_github\sci_project\data\patchcore_closeout\visa_s0_k1\macaroni2\test\good\0690.JPG,0,0.8499146103858948
mvtec_macaroni2,D:\STUDY\My_github\sci_project\data\patchcore_closeout\visa_s0_k1\macaroni2\test\good\0694.JPG,0,0.8225976824760437
mvtec_macaroni2,D:\STUDY\My_github\sci_project\data\patchcore_closeout\visa_s0_k1\macaroni2\test\good\0705.JPG,0,0.799291729927063
mvtec_macaroni2,D:\STUDY\My_github\sci_project\data\patchcore_closeout\visa_s0_k1\macaroni2\test\good\0725.JPG,0,0.4662151038646698
mvtec_macaroni2,D:\STUDY\My_github\sci_project\data\patchcore_closeout\visa_s0_k1\macaroni2\test\good\0730.JPG,0,0.7971436381340027
mvtec_macaroni2,D:\STUDY\My_github\sci_project\data\patchcore_closeout\visa_s0_k1\macaroni2\test\good\0735.JPG,0,0.9011805653572083
mvtec_macaroni2,D:\STUDY\My_github\sci_project\data\patchcore_closeout\visa_s0_k1\macaroni2\test\good\0739.JPG,0,0.804747998714447
mvtec_macaroni2,D:\STUDY\My_github\sci_project\data\patchcore_closeout\visa_s0_k1\macaroni2\test\good\0751.JPG,0,0.49115318059921265
mvtec_macaroni2,D:\STUDY\My_github\sci_project\data\patchcore_closeout\visa_s0_k1\macaroni2\test\good\0755.JPG,0,0.8573105335235596
mvtec_macaroni2,D:\STUDY\My_github\sci_project\data\patchcore_closeout\visa_s0_k1\macaroni2\test\good\0764.JPG,0,0.8822748064994812
mvtec_macaroni2,D:\STUDY\My_github\sci_project\data\patchcore_closeout\visa_s0_k1\macaroni2\test\good\0768.JPG,0,0.7928889989852905
mvtec_macaroni2,D:\STUDY\My_github\sci_project\data\patchcore_closeout\visa_s0_k1\macaroni2\test\good\0779.JPG,0,0.3617924153804779
mvtec_macaroni2,D:\STUDY\My_github\sci_project\data\patchcore_closeout\visa_s0_k1\macaroni2\test\good\0784.JPG,0,0.947127103805542
mvtec_macaroni2,D:\STUDY\My_github\sci_project\data\patchcore_closeout\visa_s0_k1\macaroni2\test\good\0790.JPG,0,0.9643871784210205
mvtec_macaroni2,D:\STUDY\My_github\sci_project\data\patchcore_closeout\visa_s0_k1\macaroni2\test\good\0796.JPG,0,0.9001834988594055
mvtec_macaroni2,D:\STUDY\My_github\sci_project\data\patchcore_closeout\visa_s0_k1\macaroni2\test\good\0797.JPG,0,0.7640171647071838
mvtec_macaroni2,D:\STUDY\My_github\sci_project\data\patchcore_closeout\visa_s0_k1\macaroni2\test\good\0800.JPG,0,0.8673132658004761
mvtec_macaroni2,D:\STUDY\My_github\sci_project\data\patchcore_closeout\visa_s0_k1\macaroni2\test\good\0804.JPG,0,0.7769681215286255
mvtec_macaroni2,D:\STUDY\My_github\sci_project\data\patchcore_closeout\visa_s0_k1\macaroni2\test\good\0811.JPG,0,0.8138161301612854
mvtec_macaroni2,D:\STUDY\My_github\sci_project\data\patchcore_closeout\visa_s0_k1\macaroni2\test\good\0844.JPG,0,0.07194974273443222
mvtec_macaroni2,D:\STUDY\My_github\sci_project\data\patchcore_closeout\visa_s0_k1\macaroni2\test\good\0869.JPG,0,0.7721413373947144
mvtec_macaroni2,D:\STUDY\My_github\sci_project\data\patchcore_closeout\visa_s0_k1\macaroni2\test\good\0871.JPG,0,0.8548157811164856
mvtec_macaroni2,D:\STUDY\My_github\sci_project\data\patchcore_closeout\visa_s0_k1\macaroni2\test\good\0892.JPG,0,0.48783767223358154
mvtec_macaroni2,D:\STUDY\My_github\sci_project\data\patchcore_closeout\visa_s0_k1\macaroni2\test\good\0900.JPG,0,0.8863579630851746
mvtec_macaroni2,D:\STUDY\My_github\sci_project\data\patchcore_closeout\visa_s0_k1\macaroni2\test\good\0920.JPG,0,0.5216832756996155
mvtec_macaroni2,D:\STUDY\My_github\sci_project\data\patchcore_closeout\visa_s0_k1\macaroni2\test\good\0923.JPG,0,0.02748134359717369
mvtec_macaroni2,D:\STUDY\My_github\sci_project\data\patchcore_closeout\visa_s0_k1\macaroni2\test\good\0935.JPG,0,0.3150094151496887
mvtec_macaroni2,D:\STUDY\My_github\sci_project\data\patchcore_closeout\visa_s0_k1\macaroni2\test\good\0952.JPG,0,1.0
mvtec_macaroni2,D:\STUDY\My_github\sci_project\data\patchcore_closeout\visa_s0_k1\macaroni2\test\good\0953.JPG,0,0.814983606338501
mvtec_macaroni2,D:\STUDY\My_github\sci_project\data\patchcore_closeout\visa_s0_k1\macaroni2\test\good\0964.JPG,0,0.727375864982605
mvtec_macaroni2,D:\STUDY\My_github\sci_project\data\patchcore_closeout\visa_s0_k1\macaroni2\test\good\0967.JPG,0,0.5190224051475525
mvtec_macaroni2,D:\STUDY\My_github\sci_project\data\patchcore_closeout\visa_s0_k1\macaroni2\test\good\0974.JPG,0,0.7468444108963013
mvtec_macaroni2,D:\STUDY\My_github\sci_project\data\patchcore_closeout\visa_s0_k1\macaroni2\test\good\0985.JPG,0,0.0
mvtec_macaroni2,D:\STUDY\My_github\sci_project\data\patchcore_closeout\visa_s0_k1\macaroni2\test\good\0994.JPG,0,0.5705162882804871
mvtec_macaroni2,D:\STUDY\My_github\sci_project\data\patchcore_closeout\visa_s0_k1\macaroni2\test\good\0996.JPG,0,0.797147810459137
mvtec_pcb1,D:\STUDY\My_github\sci_project\data\patchcore_closeout\visa_s0_k1\pcb1\test\bad\000.JPG,1,0.6456814408302307
mvtec_pcb1,D:\STUDY\My_github\sci_project\data\patchcore_closeout\visa_s0_k1\pcb1\test\bad\001.JPG,1,0.5963019132614136
mvtec_pcb1,D:\STUDY\My_github\sci_project\data\patchcore_closeout\visa_s0_k1\pcb1\test\bad\002.JPG,1,0.6889395713806152
mvtec_pcb1,D:\STUDY\My_github\sci_project\data\patchcore_closeout\visa_s0_k1\pcb1\test\bad\003.JPG,1,0.7133188247680664
mvtec_pcb1,D:\STUDY\My_github\sci_project\data\patchcore_closeout\visa_s0_k1\pcb1\test\bad\004.JPG,1,0.8298736214637756
mvtec_pcb1,D:\STUDY\My_github\sci_project\data\patchcore_closeout\visa_s0_k1\pcb1\test\bad\005.JPG,1,0.5783249735832214
mvtec_pcb1,D:\STUDY\My_github\sci_project\data\patchcore_closeout\visa_s0_k1\pcb1\test\bad\006.JPG,1,0.6266264319419861
mvtec_pcb1,D:\STUDY\My_github\sci_project\data\patchcore_closeout\visa_s0_k1\pcb1\test\bad\007.JPG,1,0.6639183163642883
mvtec_pcb1,D:\STUDY\My_github\sci_project\data\patchcore_closeout\visa_s0_k1\pcb1\test\bad\008.JPG,1,0.852902352809906
mvtec_pcb1,D:\STUDY\My_github\sci_project\data\patchcore_closeout\visa_s0_k1\pcb1\test\bad\009.JPG,1,0.7634044885635376
mvtec_pcb1,D:\STUDY\My_github\sci_project\data\patchcore_closeout\visa_s0_k1\pcb1\test\bad\010.JPG,1,0.973078727722168
mvtec_pcb1,D:\STUDY\My_github\sci_project\data\patchcore_closeout\visa_s0_k1\pcb1\test\bad\011.JPG,1,0.8730547428131104
mvtec_pcb1,D:\STUDY\My_github\sci_project\data\patchcore_closeout\visa_s0_k1\pcb1\test\bad\012.JPG,1,0.649905800819397
mvtec_pcb1,D:\STUDY\My_github\sci_project\data\patchcore_closeout\visa_s0_k1\pcb1\test\bad\013.JPG,1,0.6435653567314148
mvtec_pcb1,D:\STUDY\My_github\sci_project\data\patchcore_closeout\visa_s0_k1\pcb1\test\bad\014.JPG,1,0.7092572450637817
mvtec_pcb1,D:\STUDY\My_github\sci_project\data\patchcore_closeout\visa_s0_k1\pcb1\test\bad\015.JPG,1,0.6145042777061462
mvtec_pcb1,D:\STUDY\My_github\sci_project\data\patchcore_closeout\visa_s0_k1\pcb1\test\bad\016.JPG,1,0.7318089008331299
mvtec_pcb1,D:\STUDY\My_github\sci_project\data\patchcore_closeout\visa_s0_k1\pcb1\test\bad\017.JPG,1,0.6851854920387268
mvtec_pcb1,D:\STUDY\My_github\sci_project\data\patchcore_closeout\visa_s0_k1\pcb1\test\bad\018.JPG,1,0.5928130745887756
mvtec_pcb1,D:\STUDY\My_github\sci_project\data\patchcore_closeout\visa_s0_k1\pcb1\test\bad\019.JPG,1,0.67701655626297
mvtec_pcb1,D:\STUDY\My_github\sci_project\data\patchcore_closeout\visa_s0_k1\pcb1\test\bad\020.JPG,1,0.6290097832679749
mvtec_pcb1,D:\STUDY\My_github\sci_project\data\patchcore_closeout\visa_s0_k1\pcb1\test\bad\021.JPG,1,0.6694703102111816
mvtec_pcb1,D:\STUDY\My_github\sci_project\data\patchcore_closeout\visa_s0_k1\pcb1\test\bad\022.JPG,1,0.6928672790527344
mvtec_pcb1,D:\STUDY\My_github\sci_project\data\patchcore_closeout\visa_s0_k1\pcb1\test\bad\023.JPG,1,0.6024247407913208
mvtec_pcb1,D:\STUDY\My_github\sci_project\data\patchcore_closeout\visa_s0_k1\pcb1\test\bad\024.JPG,1,0.6800090670585632
mvtec_pcb1,D:\STUDY\My_github\sci_project\data\patchcore_closeout\visa_s0_k1\pcb1\test\bad\025.JPG,1,0.6735081076622009
mvtec_pcb1,D:\STUDY\My_github\sci_project\data\patchcore_closeout\visa_s0_k1\pcb1\test\bad\026.JPG,1,0.5705585479736328
mvtec_pcb1,D:\STUDY\My_github\sci_project\data\patchcore_closeout\visa_s0_k1\pcb1\test\bad\027.JPG,1,0.6514549851417542
mvtec_pcb1,D:\STUDY\My_github\sci_project\data\patchcore_closeout\visa_s0_k1\pcb1\test\bad\028.JPG,1,0.5843231678009033
mvtec_pcb1,D:\STUDY\My_github\sci_project\data\patchcore_closeout\visa_s0_k1\pcb1\test\bad\029.JPG,1,0.5723716020584106
mvtec_pcb1,D:\STUDY\My_github\sci_project\data\patchcore_closeout\visa_s0_k1\pcb1\test\bad\030.JPG,1,0.6328504085540771
mvtec_pcb1,D:\STUDY\My_github\sci_project\data\patchcore_closeout\visa_s0_k1\pcb1\test\bad\031.JPG,1,0.6495640873908997
mvtec_pcb1,D:\STUDY\My_github\sci_project\data\patchcore_closeout\visa_s0_k1\pcb1\test\bad\032.JPG,1,0.7364228963851929
mvtec_pcb1,D:\STUDY\My_github\sci_project\data\patchcore_closeout\visa_s0_k1\pcb1\test\bad\033.JPG,1,0.6723838448524475
mvtec_pcb1,D:\STUDY\My_github\sci_project\data\patchcore_closeout\visa_s0_k1\pcb1\test\bad\034.JPG,1,0.6859134435653687
mvtec_pcb1,D:\STUDY\My_github\sci_project\data\patchcore_closeout\visa_s0_k1\pcb1\test\bad\035.JPG,1,0.5930900573730469
mvtec_pcb1,D:\STUDY\My_github\sci_project\data\patchcore_closeout\visa_s0_k1\pcb1\test\bad\036.JPG,1,0.6484106779098511
mvtec_pcb1,D:\STUDY\My_github\sci_project\data\patchcore_closeout\visa_s0_k1\pcb1\test\bad\037.JPG,1,0.6853868365287781
mvtec_pcb1,D:\STUDY\My_github\sci_project\data\patchcore_closeout\visa_s0_k1\pcb1\test\bad\038.JPG,1,0.6795990467071533
mvtec_pcb1,D:\STUDY\My_github\sci_project\data\patchcore_closeout\visa_s0_k1\pcb1\test\bad\039.JPG,1,0.7885921597480774
mvtec_pcb1,D:\STUDY\My_github\sci_project\data\patchcore_closeout\visa_s0_k1\pcb1\test\bad\040.JPG,1,0.8515340685844421
mvtec_pcb1,D:\STUDY\My_github\sci_project\data\patchcore_closeout\visa_s0_k1\pcb1\test\bad\041.JPG,1,0.9668050408363342
mvtec_pcb1,D:\STUDY\My_github\sci_project\data\patchcore_closeout\visa_s0_k1\pcb1\test\bad\042.JPG,1,0.7839518785476685
mvtec_pcb1,D:\STUDY\My_github\sci_project\data\patchcore_closeout\visa_s0_k1\pcb1\test\bad\043.JPG,1,0.8888512849807739
mvtec_pcb1,D:\STUDY\My_github\sci_project\data\patchcore_closeout\visa_s0_k1\pcb1\test\bad\044.JPG,1,0.847809374332428
mvtec_pcb1,D:\STUDY\My_github\sci_project\data\patchcore_closeout\visa_s0_k1\pcb1\test\bad\045.JPG,1,0.824192225933075
mvtec_pcb1,D:\STUDY\My_github\sci_project\data\patchcore_closeout\visa_s0_k1\pcb1\test\bad\046.JPG,1,0.9873769283294678
mvtec_pcb1,D:\STUDY\My_github\sci_project\data\patchcore_closeout\visa_s0_k1\pcb1\test\bad\047.JPG,1,0.6233994960784912
mvtec_pcb1,D:\STUDY\My_github\sci_project\data\patchcore_closeout\visa_s0_k1\pcb1\test\bad\048.JPG,1,0.6277969479560852
mvtec_pcb1,D:\STUDY\My_github\sci_project\data\patchcore_closeout\visa_s0_k1\pcb1\test\bad\049.JPG,1,0.3552149832248688
mvtec_pcb1,D:\STUDY\My_github\sci_project\data\patchcore_closeout\visa_s0_k1\pcb1\test\bad\050.JPG,1,1.0
mvtec_pcb1,D:\STUDY\My_github\sci_project\data\patchcore_closeout\visa_s0_k1\pcb1\test\bad\051.JPG,1,0.6740739345550537
mvtec_pcb1,D:\STUDY\My_github\sci_project\data\patchcore_closeout\visa_s0_k1\pcb1\test\bad\052.JPG,1,0.5572580695152283
mvtec_pcb1,D:\STUDY\My_github\sci_project\data\patchcore_closeout\visa_s0_k1\pcb1\test\bad\053.JPG,1,0.6366899013519287
mvtec_pcb1,D:\STUDY\My_github\sci_project\data\patchcore_closeout\visa_s0_k1\pcb1\test\bad\054.JPG,1,0.8212184906005859
mvtec_pcb1,D:\STUDY\My_github\sci_project\data\patchcore_closeout\visa_s0_k1\pcb1\test\bad\055.JPG,1,0.7857528328895569
mvtec_pcb1,D:\STUDY\My_github\sci_project\data\patchcore_closeout\visa_s0_k1\pcb1\test\bad\056.JPG,1,0.7122024297714233
mvtec_pcb1,D:\STUDY\My_github\sci_project\data\patchcore_closeout\visa_s0_k1\pcb1\test\bad\057.JPG,1,0.6875572800636292
mvtec_pcb1,D:\STUDY\My_github\sci_project\data\patchcore_closeout\visa_s0_k1\pcb1\test\bad\058.JPG,1,0.5961318612098694
mvtec_pcb1,D:\STUDY\My_github\sci_project\data\patchcore_closeout\visa_s0_k1\pcb1\test\bad\059.JPG,1,0.7046197056770325
mvtec_pcb1,D:\STUDY\My_github\sci_project\data\patchcore_closeout\visa_s0_k1\pcb1\test\bad\060.JPG,1,0.6776512861251831
mvtec_pcb1,D:\STUDY\My_github\sci_project\data\patchcore_closeout\visa_s0_k1\pcb1\test\bad\061.JPG,1,0.637758195400238
mvtec_pcb1,D:\STUDY\My_github\sci_project\data\patchcore_closeout\visa_s0_k1\pcb1\test\bad\062.JPG,1,0.6863560080528259
mvtec_pcb1,D:\STUDY\My_github\sci_project\data\patchcore_closeout\visa_s0_k1\pcb1\test\bad\063.JPG,1,0.6047918200492859
mvtec_pcb1,D:\STUDY\My_github\sci_project\data\patchcore_closeout\visa_s0_k1\pcb1\test\bad\064.JPG,1,0.6167259812355042
mvtec_pcb1,D:\STUDY\My_github\sci_project\data\patchcore_closeout\visa_s0_k1\pcb1\test\bad\065.JPG,1,0.6503491997718811
mvtec_pcb1,D:\STUDY\My_github\sci_project\data\patchcore_closeout\visa_s0_k1\pcb1\test\bad\066.JPG,1,0.6334206461906433
mvtec_pcb1,D:\STUDY\My_github\sci_project\data\patchcore_closeout\visa_s0_k1\pcb1\test\bad\067.JPG,1,0.6763961911201477
mvtec_pcb1,D:\STUDY\My_github\sci_project\data\patchcore_closeout\visa_s0_k1\pcb1\test\bad\068.JPG,1,0.684579610824585
mvtec_pcb1,D:\STUDY\My_github\sci_project\data\patchcore_closeout\visa_s0_k1\pcb1\test\bad\069.JPG,1,0.662799596786499
mvtec_pcb1,D:\STUDY\My_github\sci_project\data\patchcore_closeout\visa_s0_k1\pcb1\test\bad\070.JPG,1,0.6136589646339417
mvtec_pcb1,D:\STUDY\My_github\sci_project\data\patchcore_closeout\visa_s0_k1\pcb1\test\bad\071.JPG,1,0.6879844665527344
mvtec_pcb1,D:\STUDY\My_github\sci_project\data\patchcore_closeout\visa_s0_k1\pcb1\test\bad\072.JPG,1,0.7017537951469421
mvtec_pcb1,D:\STUDY\My_github\sci_project\data\patchcore_closeout\visa_s0_k1\pcb1\test\bad\073.JPG,1,0.5875731110572815
mvtec_pcb1,D:\STUDY\My_github\sci_project\data\patchcore_closeout\visa_s0_k1\pcb1\test\bad\074.JPG,1,0.7052037119865417
mvtec_pcb1,D:\STUDY\My_github\sci_project\data\patchcore_closeout\visa_s0_k1\pcb1\test\bad\075.JPG,1,0.6618584990501404
mvtec_pcb1,D:\STUDY\My_github\sci_project\data\patchcore_closeout\visa_s0_k1\pcb1\test\bad\076.JPG,1,0.7010947465896606
mvtec_pcb1,D:\STUDY\My_github\sci_project\data\patchcore_closeout\visa_s0_k1\pcb1\test\bad\077.JPG,1,0.6768709421157837
mvtec_pcb1,D:\STUDY\My_github\sci_project\data\patchcore_closeout\visa_s0_k1\pcb1\test\bad\078.JPG,1,0.6088528633117676
mvtec_pcb1,D:\STUDY\My_github\sci_project\data\patchcore_closeout\visa_s0_k1\pcb1\test\bad\079.JPG,1,0.6255528330802917
mvtec_pcb1,D:\STUDY\My_github\sci_project\data\patchcore_closeout\visa_s0_k1\pcb1\test\bad\080.JPG,1,0.6886522173881531
mvtec_pcb1,D:\STUDY\My_github\sci_project\data\patchcore_closeout\visa_s0_k1\pcb1\test\bad\081.JPG,1,0.6659971475601196
mvtec_pcb1,D:\STUDY\My_github\sci_project\data\patchcore_closeout\visa_s0_k1\pcb1\test\bad\082.JPG,1,0.18987275660037994
mvtec_pcb1,D:\STUDY\My_github\sci_project\data\patchcore_closeout\visa_s0_k1\pcb1\test\bad\083.JPG,1,0.13567057251930237
mvtec_pcb1,D:\STUDY\My_github\sci_project\data\patchcore_closeout\visa_s0_k1\pcb1\test\bad\084.JPG,1,0.13865776360034943
mvtec_pcb1,D:\STUDY\My_github\sci_project\data\patchcore_closeout\visa_s0_k1\pcb1\test\bad\085.JPG,1,0.6178531050682068
mvtec_pcb1,D:\STUDY\My_github\sci_project\data\patchcore_closeout\visa_s0_k1\pcb1\test\bad\086.JPG,1,0.1464143842458725
mvtec_pcb1,D:\STUDY\My_github\sci_project\data\patchcore_closeout\visa_s0_k1\pcb1\test\bad\087.JPG,1,0.645836591720581
mvtec_pcb1,D:\STUDY\My_github\sci_project\data\patchcore_closeout\visa_s0_k1\pcb1\test\bad\088.JPG,1,0.6133407950401306
mvtec_pcb1,D:\STUDY\My_github\sci_project\data\patchcore_closeout\visa_s0_k1\pcb1\test\bad\089.JPG,1,0.5946866273880005
mvtec_pcb1,D:\STUDY\My_github\sci_project\data\patchcore_closeout\visa_s0_k1\pcb1\test\bad\090.JPG,1,0.6204702854156494
mvtec_pcb1,D:\STUDY\My_github\sci_project\data\patchcore_closeout\visa_s0_k1\pcb1\test\bad\091.JPG,1,0.6717242002487183
mvtec_pcb1,D:\STUDY\My_github\sci_project\data\patchcore_closeout\visa_s0_k1\pcb1\test\bad\092.JPG,1,0.6992696523666382
mvtec_pcb1,D:\STUDY\My_github\sci_project\data\patchcore_closeout\visa_s0_k1\pcb1\test\bad\093.JPG,1,0.6613672375679016
mvtec_pcb1,D:\STUDY\My_github\sci_project\data\patchcore_closeout\visa_s0_k1\pcb1\test\bad\094.JPG,1,0.6338419318199158
mvtec_pcb1,D:\STUDY\My_github\sci_project\data\patchcore_closeout\visa_s0_k1\pcb1\test\bad\095.JPG,1,0.7240562438964844
mvtec_pcb1,D:\STUDY\My_github\sci_project\data\patchcore_closeout\visa_s0_k1\pcb1\test\bad\096.JPG,1,0.7057916522026062
mvtec_pcb1,D:\STUDY\My_github\sci_project\data\patchcore_closeout\visa_s0_k1\pcb1\test\bad\097.JPG,1,0.6122472882270813
mvtec_pcb1,D:\STUDY\My_github\sci_project\data\patchcore_closeout\visa_s0_k1\pcb1\test\bad\098.JPG,1,0.6372915506362915
mvtec_pcb1,D:\STUDY\My_github\sci_project\data\patchcore_closeout\visa_s0_k1\pcb1\test\bad\099.JPG,1,0.7278915047645569
mvtec_pcb1,D:\STUDY\My_github\sci_project\data\patchcore_closeout\visa_s0_k1\pcb1\test\good\0011.JPG,0,0.02721383050084114
mvtec_pcb1,D:\STUDY\My_github\sci_project\data\patchcore_closeout\visa_s0_k1\pcb1\test\good\0013.JPG,0,0.5298176407814026
mvtec_pcb1,D:\STUDY\My_github\sci_project\data\patchcore_closeout\visa_s0_k1\pcb1\test\good\0016.JPG,0,0.11588117480278015
mvtec_pcb1,D:\STUDY\My_github\sci_project\data\patchcore_closeout\visa_s0_k1\pcb1\test\good\0024.JPG,0,0.013351750560104847
mvtec_pcb1,D:\STUDY\My_github\sci_project\data\patchcore_closeout\visa_s0_k1\pcb1\test\good\0026.JPG,0,0.07534444332122803
mvtec_pcb1,D:\STUDY\My_github\sci_project\data\patchcore_closeout\visa_s0_k1\pcb1\test\good\0027.JPG,0,0.07360086590051651
mvtec_pcb1,D:\STUDY\My_github\sci_project\data\patchcore_closeout\visa_s0_k1\pcb1\test\good\0046.JPG,0,0.0957629382610321
mvtec_pcb1,D:\STUDY\My_github\sci_project\data\patchcore_closeout\visa_s0_k1\pcb1\test\good\0100.JPG,0,0.0780610591173172
mvtec_pcb1,D:\STUDY\My_github\sci_project\data\patchcore_closeout\visa_s0_k1\pcb1\test\good\0107.JPG,0,0.39587831497192383
mvtec_pcb1,D:\STUDY\My_github\sci_project\data\patchcore_closeout\visa_s0_k1\pcb1\test\good\0159.JPG,0,0.1523067057132721
mvtec_pcb1,D:\STUDY\My_github\sci_project\data\patchcore_closeout\visa_s0_k1\pcb1\test\good\0168.JPG,0,0.09626401960849762
mvtec_pcb1,D:\STUDY\My_github\sci_project\data\patchcore_closeout\visa_s0_k1\pcb1\test\good\0170.JPG,0,0.20229880511760712
mvtec_pcb1,D:\STUDY\My_github\sci_project\data\patchcore_closeout\visa_s0_k1\pcb1\test\good\0172.JPG,0,0.08539529889822006
mvtec_pcb1,D:\STUDY\My_github\sci_project\data\patchcore_closeout\visa_s0_k1\pcb1\test\good\0174.JPG,0,0.2575787901878357
mvtec_pcb1,D:\STUDY\My_github\sci_project\data\patchcore_closeout\visa_s0_k1\pcb1\test\good\0178.JPG,0,0.1370844841003418
mvtec_pcb1,D:\STUDY\My_github\sci_project\data\patchcore_closeout\visa_s0_k1\pcb1\test\good\0187.JPG,0,0.10077912360429764
mvtec_pcb1,D:\STUDY\My_github\sci_project\data\patchcore_closeout\visa_s0_k1\pcb1\test\good\0196.JPG,0,0.08778336644172668
mvtec_pcb1,D:\STUDY\My_github\sci_project\data\patchcore_closeout\visa_s0_k1\pcb1\test\good\0208.JPG,0,0.13438691198825836
mvtec_pcb1,D:\STUDY\My_github\sci_project\data\patchcore_closeout\visa_s0_k1\pcb1\test\good\0214.JPG,0,0.06968291848897934
mvtec_pcb1,D:\STUDY\My_github\sci_project\data\patchcore_closeout\visa_s0_k1\pcb1\test\good\0215.JPG,0,0.3251100480556488
mvtec_pcb1,D:\STUDY\My_github\sci_project\data\patchcore_closeout\visa_s0_k1\pcb1\test\good\0237.JPG,0,0.04649290814995766
mvtec_pcb1,D:\STUDY\My_github\sci_project\data\patchcore_closeout\visa_s0_k1\pcb1\test\good\0261.JPG,0,0.08247588574886322
mvtec_pcb1,D:\STUDY\My_github\sci_project\data\patchcore_closeout\visa_s0_k1\pcb1\test\good\0286.JPG,0,0.2880361080169678
mvtec_pcb1,D:\STUDY\My_github\sci_project\data\patchcore_closeout\visa_s0_k1\pcb1\test\good\0294.JPG,0,0.09997637569904327
mvtec_pcb1,D:\STUDY\My_github\sci_project\data\patchcore_closeout\visa_s0_k1\pcb1\test\good\0297.JPG,0,0.08630839735269547
mvtec_pcb1,D:\STUDY\My_github\sci_project\data\patchcore_closeout\visa_s0_k1\pcb1\test\good\0303.JPG,0,0.11147082597017288
mvtec_pcb1,D:\STUDY\My_github\sci_project\data\patchcore_closeout\visa_s0_k1\pcb1\test\good\0306.JPG,0,0.09904030710458755
mvtec_pcb1,D:\STUDY\My_github\sci_project\data\patchcore_closeout\visa_s0_k1\pcb1\test\good\0320.JPG,0,0.16238892078399658
mvtec_pcb1,D:\STUDY\My_github\sci_project\data\patchcore_closeout\visa_s0_k1\pcb1\test\good\0333.JPG,0,0.15432225167751312
mvtec_pcb1,D:\STUDY\My_github\sci_project\data\patchcore_closeout\visa_s0_k1\pcb1\test\good\0363.JPG,0,0.30166682600975037
mvtec_pcb1,D:\STUDY\My_github\sci_project\data\patchcore_closeout\visa_s0_k1\pcb1\test\good\0377.JPG,0,0.13605570793151855
mvtec_pcb1,D:\STUDY\My_github\sci_project\data\patchcore_closeout\visa_s0_k1\pcb1\test\good\0394.JPG,0,0.3871203660964966
mvtec_pcb1,D:\STUDY\My_github\sci_project\data\patchcore_closeout\visa_s0_k1\pcb1\test\good\0400.JPG,0,0.11051963269710541
mvtec_pcb1,D:\STUDY\My_github\sci_project\data\patchcore_closeout\visa_s0_k1\pcb1\test\good\0402.JPG,0,0.06258004158735275
mvtec_pcb1,D:\STUDY\My_github\sci_project\data\patchcore_closeout\visa_s0_k1\pcb1\test\good\0417.JPG,0,0.10586168617010117
mvtec_pcb1,D:\STUDY\My_github\sci_project\data\patchcore_closeout\visa_s0_k1\pcb1\test\good\0423.JPG,0,0.3452792465686798
mvtec_pcb1,D:\STUDY\My_github\sci_project\data\patchcore_closeout\visa_s0_k1\pcb1\test\good\0427.JPG,0,0.09845603257417679
mvtec_pcb1,D:\STUDY\My_github\sci_project\data\patchcore_closeout\visa_s0_k1\pcb1\test\good\0457.JPG,0,0.15066030621528625
mvtec_pcb1,D:\STUDY\My_github\sci_project\data\patchcore_closeout\visa_s0_k1\pcb1\test\good\0469.JPG,0,0.08468665927648544
mvtec_pcb1,D:\STUDY\My_github\sci_project\data\patchcore_closeout\visa_s0_k1\pcb1\test\good\0479.JPG,0,0.014365967363119125
mvtec_pcb1,D:\STUDY\My_github\sci_project\data\patchcore_closeout\visa_s0_k1\pcb1\test\good\0483.JPG,0,0.16072769463062286
mvtec_pcb1,D:\STUDY\My_github\sci_project\data\patchcore_closeout\visa_s0_k1\pcb1\test\good\0484.JPG,0,0.039395350962877274
mvtec_pcb1,D:\STUDY\My_github\sci_project\data\patchcore_closeout\visa_s0_k1\pcb1\test\good\0488.JPG,0,0.1325007677078247
mvtec_pcb1,D:\STUDY\My_github\sci_project\data\patchcore_closeout\visa_s0_k1\pcb1\test\good\0490.JPG,0,0.07960773259401321
mvtec_pcb1,D:\STUDY\My_github\sci_project\data\patchcore_closeout\visa_s0_k1\pcb1\test\good\0514.JPG,0,0.23180939257144928
mvtec_pcb1,D:\STUDY\My_github\sci_project\data\patchcore_closeout\visa_s0_k1\pcb1\test\good\0518.JPG,0,0.07987774163484573
mvtec_pcb1,D:\STUDY\My_github\sci_project\data\patchcore_closeout\visa_s0_k1\pcb1\test\good\0520.JPG,0,0.10376883298158646
mvtec_pcb1,D:\STUDY\My_github\sci_project\data\patchcore_closeout\visa_s0_k1\pcb1\test\good\0525.JPG,0,0.08260221034288406
mvtec_pcb1,D:\STUDY\My_github\sci_project\data\patchcore_closeout\visa_s0_k1\pcb1\test\good\0545.JPG,0,0.2102958858013153
mvtec_pcb1,D:\STUDY\My_github\sci_project\data\patchcore_closeout\visa_s0_k1\pcb1\test\good\0552.JPG,0,0.09043528884649277
mvtec_pcb1,D:\STUDY\My_github\sci_project\data\patchcore_closeout\visa_s0_k1\pcb1\test\good\0569.JPG,0,0.30086183547973633
mvtec_pcb1,D:\STUDY\My_github\sci_project\data\patchcore_closeout\visa_s0_k1\pcb1\test\good\0615.JPG,0,0.6839264631271362
mvtec_pcb1,D:\STUDY\My_github\sci_project\data\patchcore_closeout\visa_s0_k1\pcb1\test\good\0617.JPG,0,0.6241047978401184
mvtec_pcb1,D:\STUDY\My_github\sci_project\data\patchcore_closeout\visa_s0_k1\pcb1\test\good\0619.JPG,0,0.6767182946205139
mvtec_pcb1,D:\STUDY\My_github\sci_project\data\patchcore_closeout\visa_s0_k1\pcb1\test\good\0621.JPG,0,0.6573260426521301
mvtec_pcb1,D:\STUDY\My_github\sci_project\data\patchcore_closeout\visa_s0_k1\pcb1\test\good\0629.JPG,0,0.7335866689682007
mvtec_pcb1,D:\STUDY\My_github\sci_project\data\patchcore_closeout\visa_s0_k1\pcb1\test\good\0631.JPG,0,0.6721373200416565
mvtec_pcb1,D:\STUDY\My_github\sci_project\data\patchcore_closeout\visa_s0_k1\pcb1\test\good\0648.JPG,0,0.6101664900779724
mvtec_pcb1,D:\STUDY\My_github\sci_project\data\patchcore_closeout\visa_s0_k1\pcb1\test\good\0654.JPG,0,0.6924687623977661
mvtec_pcb1,D:\STUDY\My_github\sci_project\data\patchcore_closeout\visa_s0_k1\pcb1\test\good\0657.JPG,0,0.698548436164856
mvtec_pcb1,D:\STUDY\My_github\sci_project\data\patchcore_closeout\visa_s0_k1\pcb1\test\good\0659.JPG,0,0.6132915019989014
mvtec_pcb1,D:\STUDY\My_github\sci_project\data\patchcore_closeout\visa_s0_k1\pcb1\test\good\0674.JPG,0,0.7080166935920715
mvtec_pcb1,D:\STUDY\My_github\sci_project\data\patchcore_closeout\visa_s0_k1\pcb1\test\good\0684.JPG,0,0.7052857875823975
mvtec_pcb1,D:\STUDY\My_github\sci_project\data\patchcore_closeout\visa_s0_k1\pcb1\test\good\0685.JPG,0,0.6574361324310303
mvtec_pcb1,D:\STUDY\My_github\sci_project\data\patchcore_closeout\visa_s0_k1\pcb1\test\good\0688.JPG,0,0.6516440510749817
mvtec_pcb1,D:\STUDY\My_github\sci_project\data\patchcore_closeout\visa_s0_k1\pcb1\test\good\0690.JPG,0,0.6494856476783752
mvtec_pcb1,D:\STUDY\My_github\sci_project\data\patchcore_closeout\visa_s0_k1\pcb1\test\good\0694.JPG,0,0.6172091364860535
mvtec_pcb1,D:\STUDY\My_github\sci_project\data\patchcore_closeout\visa_s0_k1\pcb1\test\good\0705.JPG,0,0.6377265453338623
mvtec_pcb1,D:\STUDY\My_github\sci_project\data\patchcore_closeout\visa_s0_k1\pcb1\test\good\0725.JPG,0,0.666374146938324
mvtec_pcb1,D:\STUDY\My_github\sci_project\data\patchcore_closeout\visa_s0_k1\pcb1\test\good\0730.JPG,0,0.6876401901245117
mvtec_pcb1,D:\STUDY\My_github\sci_project\data\patchcore_closeout\visa_s0_k1\pcb1\test\good\0735.JPG,0,0.6564000248908997
mvtec_pcb1,D:\STUDY\My_github\sci_project\data\patchcore_closeout\visa_s0_k1\pcb1\test\good\0739.JPG,0,0.6255534291267395
mvtec_pcb1,D:\STUDY\My_github\sci_project\data\patchcore_closeout\visa_s0_k1\pcb1\test\good\0751.JPG,0,0.6626466512680054
mvtec_pcb1,D:\STUDY\My_github\sci_project\data\patchcore_closeout\visa_s0_k1\pcb1\test\good\0755.JPG,0,0.6852445602416992
mvtec_pcb1,D:\STUDY\My_github\sci_project\data\patchcore_closeout\visa_s0_k1\pcb1\test\good\0764.JPG,0,0.688657820224762
mvtec_pcb1,D:\STUDY\My_github\sci_project\data\patchcore_closeout\visa_s0_k1\pcb1\test\good\0768.JPG,0,0.6033496260643005
mvtec_pcb1,D:\STUDY\My_github\sci_project\data\patchcore_closeout\visa_s0_k1\pcb1\test\good\0779.JPG,0,0.6661677360534668
mvtec_pcb1,D:\STUDY\My_github\sci_project\data\patchcore_closeout\visa_s0_k1\pcb1\test\good\0784.JPG,0,0.6268908381462097
mvtec_pcb1,D:\STUDY\My_github\sci_project\data\patchcore_closeout\visa_s0_k1\pcb1\test\good\0796.JPG,0,0.6639536023139954
mvtec_pcb1,D:\STUDY\My_github\sci_project\data\patchcore_closeout\visa_s0_k1\pcb1\test\good\0797.JPG,0,0.6299464106559753
mvtec_pcb1,D:\STUDY\My_github\sci_project\data\patchcore_closeout\visa_s0_k1\pcb1\test\good\0800.JPG,0,0.6424718499183655
mvtec_pcb1,D:\STUDY\My_github\sci_project\data\patchcore_closeout\visa_s0_k1\pcb1\test\good\0804.JPG,0,0.6908985376358032
mvtec_pcb1,D:\STUDY\My_github\sci_project\data\patchcore_closeout\visa_s0_k1\pcb1\test\good\0811.JPG,0,0.6224858164787292
mvtec_pcb1,D:\STUDY\My_github\sci_project\data\patchcore_closeout\visa_s0_k1\pcb1\test\good\0844.JPG,0,0.17514435946941376
mvtec_pcb1,D:\STUDY\My_github\sci_project\data\patchcore_closeout\visa_s0_k1\pcb1\test\good\0869.JPG,0,0.21375992894172668
mvtec_pcb1,D:\STUDY\My_github\sci_project\data\patchcore_closeout\visa_s0_k1\pcb1\test\good\0871.JPG,0,0.2613300681114197
mvtec_pcb1,D:\STUDY\My_github\sci_project\data\patchcore_closeout\visa_s0_k1\pcb1\test\good\0892.JPG,0,0.10756269097328186
mvtec_pcb1,D:\STUDY\My_github\sci_project\data\patchcore_closeout\visa_s0_k1\pcb1\test\good\0900.JPG,0,0.28385066986083984
mvtec_pcb1,D:\STUDY\My_github\sci_project\data\patchcore_closeout\visa_s0_k1\pcb1\test\good\0920.JPG,0,0.13363710045814514
mvtec_pcb1,D:\STUDY\My_github\sci_project\data\patchcore_closeout\visa_s0_k1\pcb1\test\good\0923.JPG,0,0.18640297651290894
mvtec_pcb1,D:\STUDY\My_github\sci_project\data\patchcore_closeout\visa_s0_k1\pcb1\test\good\0935.JPG,0,0.27285000681877136
mvtec_pcb1,D:\STUDY\My_github\sci_project\data\patchcore_closeout\visa_s0_k1\pcb1\test\good\0940.JPG,0,0.052319400012493134
mvtec_pcb1,D:\STUDY\My_github\sci_project\data\patchcore_closeout\visa_s0_k1\pcb1\test\good\0952.JPG,0,0.1753334254026413
mvtec_pcb1,D:\STUDY\My_github\sci_project\data\patchcore_closeout\visa_s0_k1\pcb1\test\good\0957.JPG,0,0.12006156146526337
mvtec_pcb1,D:\STUDY\My_github\sci_project\data\patchcore_closeout\visa_s0_k1\pcb1\test\good\0964.JPG,0,0.30595308542251587
mvtec_pcb1,D:\STUDY\My_github\sci_project\data\patchcore_closeout\visa_s0_k1\pcb1\test\good\0971.JPG,0,0.0
mvtec_pcb1,D:\STUDY\My_github\sci_project\data\patchcore_closeout\visa_s0_k1\pcb1\test\good\0974.JPG,0,0.22816230356693268
mvtec_pcb1,D:\STUDY\My_github\sci_project\data\patchcore_closeout\visa_s0_k1\pcb1\test\good\0989.JPG,0,0.29004967212677
mvtec_pcb1,D:\STUDY\My_github\sci_project\data\patchcore_closeout\visa_s0_k1\pcb1\test\good\0994.JPG,0,0.21605165302753448
mvtec_pcb1,D:\STUDY\My_github\sci_project\data\patchcore_closeout\visa_s0_k1\pcb1\test\good\1000.JPG,0,0.2223467379808426
mvtec_pcb2,D:\STUDY\My_github\sci_project\data\patchcore_closeout\visa_s0_k1\pcb2\test\bad\000.JPG,1,0.36558112502098083
mvtec_pcb2,D:\STUDY\My_github\sci_project\data\patchcore_closeout\visa_s0_k1\pcb2\test\bad\001.JPG,1,0.536361813545227
mvtec_pcb2,D:\STUDY\My_github\sci_project\data\patchcore_closeout\visa_s0_k1\pcb2\test\bad\002.JPG,1,1.0
mvtec_pcb2,D:\STUDY\My_github\sci_project\data\patchcore_closeout\visa_s0_k1\pcb2\test\bad\003.JPG,1,0.19209571182727814
mvtec_pcb2,D:\STUDY\My_github\sci_project\data\patchcore_closeout\visa_s0_k1\pcb2\test\bad\004.JPG,1,0.698555588722229
mvtec_pcb2,D:\STUDY\My_github\sci_project\data\patchcore_closeout\visa_s0_k1\pcb2\test\bad\005.JPG,1,0.1700713038444519
mvtec_pcb2,D:\STUDY\My_github\sci_project\data\patchcore_closeout\visa_s0_k1\pcb2\test\bad\006.JPG,1,0.509351909160614
mvtec_pcb2,D:\STUDY\My_github\sci_project\data\patchcore_closeout\visa_s0_k1\pcb2\test\bad\007.JPG,1,0.48658713698387146
mvtec_pcb2,D:\STUDY\My_github\sci_project\data\patchcore_closeout\visa_s0_k1\pcb2\test\bad\008.JPG,1,0.6271021962165833
mvtec_pcb2,D:\STUDY\My_github\sci_project\data\patchcore_closeout\visa_s0_k1\pcb2\test\bad\009.JPG,1,0.15822476148605347
mvtec_pcb2,D:\STUDY\My_github\sci_project\data\patchcore_closeout\visa_s0_k1\pcb2\test\bad\010.JPG,1,0.36297863721847534
mvtec_pcb2,D:\STUDY\My_github\sci_project\data\patchcore_closeout\visa_s0_k1\pcb2\test\bad\011.JPG,1,0.674303412437439
mvtec_pcb2,D:\STUDY\My_github\sci_project\data\patchcore_closeout\visa_s0_k1\pcb2\test\bad\012.JPG,1,0.15254506468772888
mvtec_pcb2,D:\STUDY\My_github\sci_project\data\patchcore_closeout\visa_s0_k1\pcb2\test\bad\013.JPG,1,0.982647180557251
mvtec_pcb2,D:\STUDY\My_github\sci_project\data\patchcore_closeout\visa_s0_k1\pcb2\test\bad\014.JPG,1,0.16030532121658325
mvtec_pcb2,D:\STUDY\My_github\sci_project\data\patchcore_closeout\visa_s0_k1\pcb2\test\bad\015.JPG,1,0.20008037984371185
mvtec_pcb2,D:\STUDY\My_github\sci_project\data\patchcore_closeout\visa_s0_k1\pcb2\test\bad\016.JPG,1,0.336484432220459
mvtec_pcb2,D:\STUDY\My_github\sci_project\data\patchcore_closeout\visa_s0_k1\pcb2\test\bad\017.JPG,1,0.29118213057518005
mvtec_pcb2,D:\STUDY\My_github\sci_project\data\patchcore_closeout\visa_s0_k1\pcb2\test\bad\018.JPG,1,0.4806423485279083
mvtec_pcb2,D:\STUDY\My_github\sci_project\data\patchcore_closeout\visa_s0_k1\pcb2\test\bad\019.JPG,1,0.3543960452079773
mvtec_pcb2,D:\STUDY\My_github\sci_project\data\patchcore_closeout\visa_s0_k1\pcb2\test\bad\020.JPG,1,0.45249712467193604
mvtec_pcb2,D:\STUDY\My_github\sci_project\data\patchcore_closeout\visa_s0_k1\pcb2\test\bad\021.JPG,1,0.16273987293243408
mvtec_pcb2,D:\STUDY\My_github\sci_project\data\patchcore_closeout\visa_s0_k1\pcb2\test\bad\022.JPG,1,0.3375926911830902
mvtec_pcb2,D:\STUDY\My_github\sci_project\data\patchcore_closeout\visa_s0_k1\pcb2\test\bad\023.JPG,1,0.5160234570503235
mvtec_pcb2,D:\STUDY\My_github\sci_project\data\patchcore_closeout\visa_s0_k1\pcb2\test\bad\024.JPG,1,0.1755746603012085
mvtec_pcb2,D:\STUDY\My_github\sci_project\data\patchcore_closeout\visa_s0_k1\pcb2\test\bad\025.JPG,1,0.21117061376571655
mvtec_pcb2,D:\STUDY\My_github\sci_project\data\patchcore_closeout\visa_s0_k1\pcb2\test\bad\026.JPG,1,0.17725564539432526
mvtec_pcb2,D:\STUDY\My_github\sci_project\data\patchcore_closeout\visa_s0_k1\pcb2\test\bad\027.JPG,1,0.24577270448207855
mvtec_pcb2,D:\STUDY\My_github\sci_project\data\patchcore_closeout\visa_s0_k1\pcb2\test\bad\028.JPG,1,0.26299983263015747
mvtec_pcb2,D:\STUDY\My_github\sci_project\data\patchcore_closeout\visa_s0_k1\pcb2\test\bad\029.JPG,1,0.2303781360387802
mvtec_pcb2,D:\STUDY\My_github\sci_project\data\patchcore_closeout\visa_s0_k1\pcb2\test\bad\030.JPG,1,0.3389545679092407
mvtec_pcb2,D:\STUDY\My_github\sci_project\data\patchcore_closeout\visa_s0_k1\pcb2\test\bad\031.JPG,1,0.18117095530033112
mvtec_pcb2,D:\STUDY\My_github\sci_project\data\patchcore_closeout\visa_s0_k1\pcb2\test\bad\032.JPG,1,0.15628577768802643
mvtec_pcb2,D:\STUDY\My_github\sci_project\data\patchcore_closeout\visa_s0_k1\pcb2\test\bad\033.JPG,1,0.15056279301643372
mvtec_pcb2,D:\STUDY\My_github\sci_project\data\patchcore_closeout\visa_s0_k1\pcb2\test\bad\034.JPG,1,0.21551519632339478
mvtec_pcb2,D:\STUDY\My_github\sci_project\data\patchcore_closeout\visa_s0_k1\pcb2\test\bad\035.JPG,1,0.3443402349948883
mvtec_pcb2,D:\STUDY\My_github\sci_project\data\patchcore_closeout\visa_s0_k1\pcb2\test\bad\036.JPG,1,0.31574374437332153
mvtec_pcb2,D:\STUDY\My_github\sci_project\data\patchcore_closeout\visa_s0_k1\pcb2\test\bad\037.JPG,1,0.2963743507862091
mvtec_pcb2,D:\STUDY\My_github\sci_project\data\patchcore_closeout\visa_s0_k1\pcb2\test\bad\038.JPG,1,0.14587409794330597
mvtec_pcb2,D:\STUDY\My_github\sci_project\data\patchcore_closeout\visa_s0_k1\pcb2\test\bad\039.JPG,1,0.33638277649879456
mvtec_pcb2,D:\STUDY\My_github\sci_project\data\patchcore_closeout\visa_s0_k1\pcb2\test\bad\040.JPG,1,0.5103989243507385
mvtec_pcb2,D:\STUDY\My_github\sci_project\data\patchcore_closeout\visa_s0_k1\pcb2\test\bad\041.JPG,1,0.47918039560317993
mvtec_pcb2,D:\STUDY\My_github\sci_project\data\patchcore_closeout\visa_s0_k1\pcb2\test\bad\042.JPG,1,0.4130866229534149
mvtec_pcb2,D:\STUDY\My_github\sci_project\data\patchcore_closeout\visa_s0_k1\pcb2\test\bad\043.JPG,1,0.20146328210830688
mvtec_pcb2,D:\STUDY\My_github\sci_project\data\patchcore_closeout\visa_s0_k1\pcb2\test\bad\044.JPG,1,0.4622671604156494
mvtec_pcb2,D:\STUDY\My_github\sci_project\data\patchcore_closeout\visa_s0_k1\pcb2\test\bad\045.JPG,1,0.30200815200805664
mvtec_pcb2,D:\STUDY\My_github\sci_project\data\patchcore_closeout\visa_s0_k1\pcb2\test\bad\046.JPG,1,0.4691150188446045
mvtec_pcb2,D:\STUDY\My_github\sci_project\data\patchcore_closeout\visa_s0_k1\pcb2\test\bad\047.JPG,1,0.461421936750412
mvtec_pcb2,D:\STUDY\My_github\sci_project\data\patchcore_closeout\visa_s0_k1\pcb2\test\bad\048.JPG,1,0.3206622004508972
mvtec_pcb2,D:\STUDY\My_github\sci_project\data\patchcore_closeout\visa_s0_k1\pcb2\test\bad\049.JPG,1,0.47063690423965454
mvtec_pcb2,D:\STUDY\My_github\sci_project\data\patchcore_closeout\visa_s0_k1\pcb2\test\bad\050.JPG,1,0.29486867785453796
mvtec_pcb2,D:\STUDY\My_github\sci_project\data\patchcore_closeout\visa_s0_k1\pcb2\test\bad\051.JPG,1,0.17957784235477448
mvtec_pcb2,D:\STUDY\My_github\sci_project\data\patchcore_closeout\visa_s0_k1\pcb2\test\bad\052.JPG,1,0.2987414300441742
mvtec_pcb2,D:\STUDY\My_github\sci_project\data\patchcore_closeout\visa_s0_k1\pcb2\test\bad\053.JPG,1,0.08760049939155579
mvtec_pcb2,D:\STUDY\My_github\sci_project\data\patchcore_closeout\visa_s0_k1\pcb2\test\bad\054.JPG,1,0.3487747013568878
mvtec_pcb2,D:\STUDY\My_github\sci_project\data\patchcore_closeout\visa_s0_k1\pcb2\test\bad\055.JPG,1,0.05762993171811104
mvtec_pcb2,D:\STUDY\My_github\sci_project\data\patchcore_closeout\visa_s0_k1\pcb2\test\bad\056.JPG,1,0.06279321014881134
mvtec_pcb2,D:\STUDY\My_github\sci_project\data\patchcore_closeout\visa_s0_k1\pcb2\test\bad\057.JPG,1,0.0
mvtec_pcb2,D:\STUDY\My_github\sci_project\data\patchcore_closeout\visa_s0_k1\pcb2\test\bad\058.JPG,1,0.20646411180496216
mvtec_pcb2,D:\STUDY\My_github\sci_project\data\patchcore_closeout\visa_s0_k1\pcb2\test\bad\059.JPG,1,0.287235826253891
mvtec_pcb2,D:\STUDY\My_github\sci_project\data\patchcore_closeout\visa_s0_k1\pcb2\test\bad\060.JPG,1,0.5463446974754333
mvtec_pcb2,D:\STUDY\My_github\sci_project\data\patchcore_closeout\visa_s0_k1\pcb2\test\bad\061.JPG,1,0.31592339277267456
mvtec_pcb2,D:\STUDY\My_github\sci_project\data\patchcore_closeout\visa_s0_k1\pcb2\test\bad\062.JPG,1,0.06564760208129883
mvtec_pcb2,D:\STUDY\My_github\sci_project\data\patchcore_closeout\visa_s0_k1\pcb2\test\bad\063.JPG,1,0.40610525012016296
mvtec_pcb2,D:\STUDY\My_github\sci_project\data\patchcore_closeout\visa_s0_k1\pcb2\test\bad\064.JPG,1,0.46694108843803406
mvtec_pcb2,D:\STUDY\My_github\sci_project\data\patchcore_closeout\visa_s0_k1\pcb2\test\bad\065.JPG,1,0.14657075703144073
mvtec_pcb2,D:\STUDY\My_github\sci_project\data\patchcore_closeout\visa_s0_k1\pcb2\test\bad\066.JPG,1,0.4838387072086334
mvtec_pcb2,D:\STUDY\My_github\sci_project\data\patchcore_closeout\visa_s0_k1\pcb2\test\bad\067.JPG,1,0.18562106788158417
mvtec_pcb2,D:\STUDY\My_github\sci_project\data\patchcore_closeout\visa_s0_k1\pcb2\test\bad\068.JPG,1,0.460681289434433
mvtec_pcb2,D:\STUDY\My_github\sci_project\data\patchcore_closeout\visa_s0_k1\pcb2\test\bad\069.JPG,1,0.1523493379354477
mvtec_pcb2,D:\STUDY\My_github\sci_project\data\patchcore_closeout\visa_s0_k1\pcb2\test\bad\070.JPG,1,0.31026309728622437
mvtec_pcb2,D:\STUDY\My_github\sci_project\data\patchcore_closeout\visa_s0_k1\pcb2\test\bad\071.JPG,1,0.4969817101955414
mvtec_pcb2,D:\STUDY\My_github\sci_project\data\patchcore_closeout\visa_s0_k1\pcb2\test\bad\072.JPG,1,0.25003719329833984
mvtec_pcb2,D:\STUDY\My_github\sci_project\data\patchcore_closeout\visa_s0_k1\pcb2\test\bad\073.JPG,1,0.39790311455726624
mvtec_pcb2,D:\STUDY\My_github\sci_project\data\patchcore_closeout\visa_s0_k1\pcb2\test\bad\074.JPG,1,0.2832038402557373
mvtec_pcb2,D:\STUDY\My_github\sci_project\data\patchcore_closeout\visa_s0_k1\pcb2\test\bad\075.JPG,1,0.26009318232536316
mvtec_pcb2,D:\STUDY\My_github\sci_project\data\patchcore_closeout\visa_s0_k1\pcb2\test\bad\076.JPG,1,0.284676194190979
mvtec_pcb2,D:\STUDY\My_github\sci_project\data\patchcore_closeout\visa_s0_k1\pcb2\test\bad\077.JPG,1,0.12375877052545547
mvtec_pcb2,D:\STUDY\My_github\sci_project\data\patchcore_closeout\visa_s0_k1\pcb2\test\bad\078.JPG,1,0.1920519918203354
mvtec_pcb2,D:\STUDY\My_github\sci_project\data\patchcore_closeout\visa_s0_k1\pcb2\test\bad\079.JPG,1,0.43032416701316833
mvtec_pcb2,D:\STUDY\My_github\sci_project\data\patchcore_closeout\visa_s0_k1\pcb2\test\bad\080.JPG,1,0.33539339900016785
mvtec_pcb2,D:\STUDY\My_github\sci_project\data\patchcore_closeout\visa_s0_k1\pcb2\test\bad\081.JPG,1,0.2486601024866104
mvtec_pcb2,D:\STUDY\My_github\sci_project\data\patchcore_closeout\visa_s0_k1\pcb2\test\bad\082.JPG,1,0.1438622921705246
mvtec_pcb2,D:\STUDY\My_github\sci_project\data\patchcore_closeout\visa_s0_k1\pcb2\test\bad\083.JPG,1,0.0444333516061306
mvtec_pcb2,D:\STUDY\My_github\sci_project\data\patchcore_closeout\visa_s0_k1\pcb2\test\bad\084.JPG,1,0.14455679059028625
mvtec_pcb2,D:\STUDY\My_github\sci_project\data\patchcore_closeout\visa_s0_k1\pcb2\test\bad\085.JPG,1,0.04883163422346115
mvtec_pcb2,D:\STUDY\My_github\sci_project\data\patchcore_closeout\visa_s0_k1\pcb2\test\bad\086.JPG,1,0.4574050009250641
mvtec_pcb2,D:\STUDY\My_github\sci_project\data\patchcore_closeout\visa_s0_k1\pcb2\test\bad\087.JPG,1,0.6162970066070557
mvtec_pcb2,D:\STUDY\My_github\sci_project\data\patchcore_closeout\visa_s0_k1\pcb2\test\bad\088.JPG,1,0.4618971049785614
mvtec_pcb2,D:\STUDY\My_github\sci_project\data\patchcore_closeout\visa_s0_k1\pcb2\test\bad\089.JPG,1,0.5557148456573486
mvtec_pcb2,D:\STUDY\My_github\sci_project\data\patchcore_closeout\visa_s0_k1\pcb2\test\bad\090.JPG,1,0.06819796562194824
mvtec_pcb2,D:\STUDY\My_github\sci_project\data\patchcore_closeout\visa_s0_k1\pcb2\test\bad\091.JPG,1,0.30311712622642517
mvtec_pcb2,D:\STUDY\My_github\sci_project\data\patchcore_closeout\visa_s0_k1\pcb2\test\bad\092.JPG,1,0.31747308373451233
mvtec_pcb2,D:\STUDY\My_github\sci_project\data\patchcore_closeout\visa_s0_k1\pcb2\test\bad\093.JPG,1,0.3563852608203888
mvtec_pcb2,D:\STUDY\My_github\sci_project\data\patchcore_closeout\visa_s0_k1\pcb2\test\bad\094.JPG,1,0.1895175576210022
mvtec_pcb2,D:\STUDY\My_github\sci_project\data\patchcore_closeout\visa_s0_k1\pcb2\test\bad\095.JPG,1,0.38353705406188965
mvtec_pcb2,D:\STUDY\My_github\sci_project\data\patchcore_closeout\visa_s0_k1\pcb2\test\bad\096.JPG,1,0.1947477161884308
mvtec_pcb2,D:\STUDY\My_github\sci_project\data\patchcore_closeout\visa_s0_k1\pcb2\test\bad\097.JPG,1,0.08593818545341492
mvtec_pcb2,D:\STUDY\My_github\sci_project\data\patchcore_closeout\visa_s0_k1\pcb2\test\bad\098.JPG,1,0.2197236716747284
mvtec_pcb2,D:\STUDY\My_github\sci_project\data\patchcore_closeout\visa_s0_k1\pcb2\test\bad\099.JPG,1,0.3697167932987213
mvtec_pcb2,D:\STUDY\My_github\sci_project\data\patchcore_closeout\visa_s0_k1\pcb2\test\good\0011.JPG,0,0.013471943326294422
mvtec_pcb2,D:\STUDY\My_github\sci_project\data\patchcore_closeout\visa_s0_k1\pcb2\test\good\0013.JPG,0,0.29874521493911743
mvtec_pcb2,D:\STUDY\My_github\sci_project\data\patchcore_closeout\visa_s0_k1\pcb2\test\good\0016.JPG,0,0.012245983816683292
mvtec_pcb2,D:\STUDY\My_github\sci_project\data\patchcore_closeout\visa_s0_k1\pcb2\test\good\0024.JPG,0,0.1945073902606964
mvtec_pcb2,D:\STUDY\My_github\sci_project\data\patchcore_closeout\visa_s0_k1\pcb2\test\good\0026.JPG,0,0.18129980564117432
mvtec_pcb2,D:\STUDY\My_github\sci_project\data\patchcore_closeout\visa_s0_k1\pcb2\test\good\0027.JPG,0,0.44339218735694885
mvtec_pcb2,D:\STUDY\My_github\sci_project\data\patchcore_closeout\visa_s0_k1\pcb2\test\good\0046.JPG,0,0.08125150948762894
mvtec_pcb2,D:\STUDY\My_github\sci_project\data\patchcore_closeout\visa_s0_k1\pcb2\test\good\0100.JPG,0,0.04537612944841385
mvtec_pcb2,D:\STUDY\My_github\sci_project\data\patchcore_closeout\visa_s0_k1\pcb2\test\good\0107.JPG,0,0.1760263592004776
mvtec_pcb2,D:\STUDY\My_github\sci_project\data\patchcore_closeout\visa_s0_k1\pcb2\test\good\0159.JPG,0,0.05195241421461105
mvtec_pcb2,D:\STUDY\My_github\sci_project\data\patchcore_closeout\visa_s0_k1\pcb2\test\good\0168.JPG,0,0.35465142130851746
mvtec_pcb2,D:\STUDY\My_github\sci_project\data\patchcore_closeout\visa_s0_k1\pcb2\test\good\0170.JPG,0,0.21960234642028809
mvtec_pcb2,D:\STUDY\My_github\sci_project\data\patchcore_closeout\visa_s0_k1\pcb2\test\good\0172.JPG,0,0.38550251722335815
mvtec_pcb2,D:\STUDY\My_github\sci_project\data\patchcore_closeout\visa_s0_k1\pcb2\test\good\0174.JPG,0,0.18549655377864838
mvtec_pcb2,D:\STUDY\My_github\sci_project\data\patchcore_closeout\visa_s0_k1\pcb2\test\good\0178.JPG,0,0.12539589405059814
mvtec_pcb2,D:\STUDY\My_github\sci_project\data\patchcore_closeout\visa_s0_k1\pcb2\test\good\0187.JPG,0,0.07773664593696594
mvtec_pcb2,D:\STUDY\My_github\sci_project\data\patchcore_closeout\visa_s0_k1\pcb2\test\good\0196.JPG,0,0.11442305892705917
mvtec_pcb2,D:\STUDY\My_github\sci_project\data\patchcore_closeout\visa_s0_k1\pcb2\test\good\0208.JPG,0,0.17141149938106537
mvtec_pcb2,D:\STUDY\My_github\sci_project\data\patchcore_closeout\visa_s0_k1\pcb2\test\good\0214.JPG,0,0.10005930066108704
mvtec_pcb2,D:\STUDY\My_github\sci_project\data\patchcore_closeout\visa_s0_k1\pcb2\test\good\0215.JPG,0,0.4408302307128906
mvtec_pcb2,D:\STUDY\My_github\sci_project\data\patchcore_closeout\visa_s0_k1\pcb2\test\good\0237.JPG,0,0.3055783212184906
mvtec_pcb2,D:\STUDY\My_github\sci_project\data\patchcore_closeout\visa_s0_k1\pcb2\test\good\0261.JPG,0,0.4789693355560303
mvtec_pcb2,D:\STUDY\My_github\sci_project\data\patchcore_closeout\visa_s0_k1\pcb2\test\good\0286.JPG,0,0.28768450021743774
mvtec_pcb2,D:\STUDY\My_github\sci_project\data\patchcore_closeout\visa_s0_k1\pcb2\test\good\0294.JPG,0,0.15062114596366882
mvtec_pcb2,D:\STUDY\My_github\sci_project\data\patchcore_closeout\visa_s0_k1\pcb2\test\good\0297.JPG,0,0.21261590719223022
mvtec_pcb2,D:\STUDY\My_github\sci_project\data\patchcore_closeout\visa_s0_k1\pcb2\test\good\0303.JPG,0,0.22073477506637573
mvtec_pcb2,D:\STUDY\My_github\sci_project\data\patchcore_closeout\visa_s0_k1\pcb2\test\good\0306.JPG,0,0.0759643092751503
mvtec_pcb2,D:\STUDY\My_github\sci_project\data\patchcore_closeout\visa_s0_k1\pcb2\test\good\0320.JPG,0,0.46064335107803345
mvtec_pcb2,D:\STUDY\My_github\sci_project\data\patchcore_closeout\visa_s0_k1\pcb2\test\good\0333.JPG,0,0.4551621377468109
mvtec_pcb2,D:\STUDY\My_github\sci_project\data\patchcore_closeout\visa_s0_k1\pcb2\test\good\0363.JPG,0,0.476785808801651
mvtec_pcb2,D:\STUDY\My_github\sci_project\data\patchcore_closeout\visa_s0_k1\pcb2\test\good\0377.JPG,0,0.3533591628074646
mvtec_pcb2,D:\STUDY\My_github\sci_project\data\patchcore_closeout\visa_s0_k1\pcb2\test\good\0394.JPG,0,0.44371503591537476
mvtec_pcb2,D:\STUDY\My_github\sci_project\data\patchcore_closeout\visa_s0_k1\pcb2\test\good\0400.JPG,0,0.40750232338905334
mvtec_pcb2,D:\STUDY\My_github\sci_project\data\patchcore_closeout\visa_s0_k1\pcb2\test\good\0402.JPG,0,0.3154413104057312
mvtec_pcb2,D:\STUDY\My_github\sci_project\data\patchcore_closeout\visa_s0_k1\pcb2\test\good\0417.JPG,0,0.22136585414409637
mvtec_pcb2,D:\STUDY\My_github\sci_project\data\patchcore_closeout\visa_s0_k1\pcb2\test\good\0423.JPG,0,0.4668174386024475
mvtec_pcb2,D:\STUDY\My_github\sci_project\data\patchcore_closeout\visa_s0_k1\pcb2\test\good\0427.JPG,0,0.15285053849220276
mvtec_pcb2,D:\STUDY\My_github\sci_project\data\patchcore_closeout\visa_s0_k1\pcb2\test\good\0457.JPG,0,0.4753180742263794
mvtec_pcb2,D:\STUDY\My_github\sci_project\data\patchcore_closeout\visa_s0_k1\pcb2\test\good\0469.JPG,0,0.19355852901935577
mvtec_pcb2,D:\STUDY\My_github\sci_project\data\patchcore_closeout\visa_s0_k1\pcb2\test\good\0479.JPG,0,0.08367447555065155
mvtec_pcb2,D:\STUDY\My_github\sci_project\data\patchcore_closeout\visa_s0_k1\pcb2\test\good\0483.JPG,0,0.41724687814712524
mvtec_pcb2,D:\STUDY\My_github\sci_project\data\patchcore_closeout\visa_s0_k1\pcb2\test\good\0484.JPG,0,0.1653255671262741
mvtec_pcb2,D:\STUDY\My_github\sci_project\data\patchcore_closeout\visa_s0_k1\pcb2\test\good\0488.JPG,0,0.40458422899246216
mvtec_pcb2,D:\STUDY\My_github\sci_project\data\patchcore_closeout\visa_s0_k1\pcb2\test\good\0490.JPG,0,0.32394686341285706
mvtec_pcb2,D:\STUDY\My_github\sci_project\data\patchcore_closeout\visa_s0_k1\pcb2\test\good\0514.JPG,0,0.4403083324432373
mvtec_pcb2,D:\STUDY\My_github\sci_project\data\patchcore_closeout\visa_s0_k1\pcb2\test\good\0518.JPG,0,0.08169452100992203
mvtec_pcb2,D:\STUDY\My_github\sci_project\data\patchcore_closeout\visa_s0_k1\pcb2\test\good\0520.JPG,0,0.1630336195230484
mvtec_pcb2,D:\STUDY\My_github\sci_project\data\patchcore_closeout\visa_s0_k1\pcb2\test\good\0525.JPG,0,0.23939533531665802
mvtec_pcb2,D:\STUDY\My_github\sci_project\data\patchcore_closeout\visa_s0_k1\pcb2\test\good\0545.JPG,0,0.35648632049560547
mvtec_pcb2,D:\STUDY\My_github\sci_project\data\patchcore_closeout\visa_s0_k1\pcb2\test\good\0552.JPG,0,0.12661518156528473
mvtec_pcb2,D:\STUDY\My_github\sci_project\data\patchcore_closeout\visa_s0_k1\pcb2\test\good\0569.JPG,0,0.11913926899433136
mvtec_pcb2,D:\STUDY\My_github\sci_project\data\patchcore_closeout\visa_s0_k1\pcb2\test\good\0615.JPG,0,0.33418190479278564
mvtec_pcb2,D:\STUDY\My_github\sci_project\data\patchcore_closeout\visa_s0_k1\pcb2\test\good\0617.JPG,0,0.13794705271720886
mvtec_pcb2,D:\STUDY\My_github\sci_project\data\patchcore_closeout\visa_s0_k1\pcb2\test\good\0619.JPG,0,0.4281832277774811
mvtec_pcb2,D:\STUDY\My_github\sci_project\data\patchcore_closeout\visa_s0_k1\pcb2\test\good\0621.JPG,0,0.3510543406009674
mvtec_pcb2,D:\STUDY\My_github\sci_project\data\patchcore_closeout\visa_s0_k1\pcb2\test\good\0629.JPG,0,0.2009126991033554
mvtec_pcb2,D:\STUDY\My_github\sci_project\data\patchcore_closeout\visa_s0_k1\pcb2\test\good\0631.JPG,0,0.5070438981056213
mvtec_pcb2,D:\STUDY\My_github\sci_project\data\patchcore_closeout\visa_s0_k1\pcb2\test\good\0648.JPG,0,0.1000242680311203
mvtec_pcb2,D:\STUDY\My_github\sci_project\data\patchcore_closeout\visa_s0_k1\pcb2\test\good\0654.JPG,0,0.4645838439464569
mvtec_pcb2,D:\STUDY\My_github\sci_project\data\patchcore_closeout\visa_s0_k1\pcb2\test\good\0657.JPG,0,0.09371957927942276
mvtec_pcb2,D:\STUDY\My_github\sci_project\data\patchcore_closeout\visa_s0_k1\pcb2\test\good\0659.JPG,0,0.4162479341030121
mvtec_pcb2,D:\STUDY\My_github\sci_project\data\patchcore_closeout\visa_s0_k1\pcb2\test\good\0674.JPG,0,0.3052155077457428
mvtec_pcb2,D:\STUDY\My_github\sci_project\data\patchcore_closeout\visa_s0_k1\pcb2\test\good\0684.JPG,0,0.3846355974674225
mvtec_pcb2,D:\STUDY\My_github\sci_project\data\patchcore_closeout\visa_s0_k1\pcb2\test\good\0685.JPG,0,0.4089173674583435
mvtec_pcb2,D:\STUDY\My_github\sci_project\data\patchcore_closeout\visa_s0_k1\pcb2\test\good\0688.JPG,0,0.1352996975183487
mvtec_pcb2,D:\STUDY\My_github\sci_project\data\patchcore_closeout\visa_s0_k1\pcb2\test\good\0690.JPG,0,0.541516125202179
mvtec_pcb2,D:\STUDY\My_github\sci_project\data\patchcore_closeout\visa_s0_k1\pcb2\test\good\0694.JPG,0,0.34793153405189514
mvtec_pcb2,D:\STUDY\My_github\sci_project\data\patchcore_closeout\visa_s0_k1\pcb2\test\good\0705.JPG,0,0.27654793858528137
mvtec_pcb2,D:\STUDY\My_github\sci_project\data\patchcore_closeout\visa_s0_k1\pcb2\test\good\0725.JPG,0,0.17937502264976501
mvtec_pcb2,D:\STUDY\My_github\sci_project\data\patchcore_closeout\visa_s0_k1\pcb2\test\good\0730.JPG,0,0.02464919351041317
mvtec_pcb2,D:\STUDY\My_github\sci_project\data\patchcore_closeout\visa_s0_k1\pcb2\test\good\0735.JPG,0,0.4265553653240204
mvtec_pcb2,D:\STUDY\My_github\sci_project\data\patchcore_closeout\visa_s0_k1\pcb2\test\good\0739.JPG,0,0.3940303921699524
mvtec_pcb2,D:\STUDY\My_github\sci_project\data\patchcore_closeout\visa_s0_k1\pcb2\test\good\0751.JPG,0,0.27913331985473633
mvtec_pcb2,D:\STUDY\My_github\sci_project\data\patchcore_closeout\visa_s0_k1\pcb2\test\good\0755.JPG,0,0.06547039747238159
mvtec_pcb2,D:\STUDY\My_github\sci_project\data\patchcore_closeout\visa_s0_k1\pcb2\test\good\0764.JPG,0,0.18669414520263672
mvtec_pcb2,D:\STUDY\My_github\sci_project\data\patchcore_closeout\visa_s0_k1\pcb2\test\good\0768.JPG,0,0.39044225215911865
mvtec_pcb2,D:\STUDY\My_github\sci_project\data\patchcore_closeout\visa_s0_k1\pcb2\test\good\0779.JPG,0,0.1349797397851944
mvtec_pcb2,D:\STUDY\My_github\sci_project\data\patchcore_closeout\visa_s0_k1\pcb2\test\good\0784.JPG,0,0.295232355594635
mvtec_pcb2,D:\STUDY\My_github\sci_project\data\patchcore_closeout\visa_s0_k1\pcb2\test\good\0796.JPG,0,0.38111841678619385
mvtec_pcb2,D:\STUDY\My_github\sci_project\data\patchcore_closeout\visa_s0_k1\pcb2\test\good\0797.JPG,0,0.33480125665664673
mvtec_pcb2,D:\STUDY\My_github\sci_project\data\patchcore_closeout\visa_s0_k1\pcb2\test\good\0800.JPG,0,0.053800906985998154
mvtec_pcb2,D:\STUDY\My_github\sci_project\data\patchcore_closeout\visa_s0_k1\pcb2\test\good\0804.JPG,0,0.155781090259552
mvtec_pcb2,D:\STUDY\My_github\sci_project\data\patchcore_closeout\visa_s0_k1\pcb2\test\good\0811.JPG,0,0.16331999003887177
mvtec_pcb2,D:\STUDY\My_github\sci_project\data\patchcore_closeout\visa_s0_k1\pcb2\test\good\0844.JPG,0,0.5593275427818298
mvtec_pcb2,D:\STUDY\My_github\sci_project\data\patchcore_closeout\visa_s0_k1\pcb2\test\good\0869.JPG,0,0.35842588543891907
mvtec_pcb2,D:\STUDY\My_github\sci_project\data\patchcore_closeout\visa_s0_k1\pcb2\test\good\0871.JPG,0,0.20545965433120728
mvtec_pcb2,D:\STUDY\My_github\sci_project\data\patchcore_closeout\visa_s0_k1\pcb2\test\good\0892.JPG,0,0.10160811245441437
mvtec_pcb2,D:\STUDY\My_github\sci_project\data\patchcore_closeout\visa_s0_k1\pcb2\test\good\0900.JPG,0,0.23835918307304382
mvtec_pcb2,D:\STUDY\My_github\sci_project\data\patchcore_closeout\visa_s0_k1\pcb2\test\good\0920.JPG,0,0.15099915862083435
mvtec_pcb2,D:\STUDY\My_github\sci_project\data\patchcore_closeout\visa_s0_k1\pcb2\test\good\0923.JPG,0,0.07777400314807892
mvtec_pcb2,D:\STUDY\My_github\sci_project\data\patchcore_closeout\visa_s0_k1\pcb2\test\good\0935.JPG,0,0.10892361402511597
mvtec_pcb2,D:\STUDY\My_github\sci_project\data\patchcore_closeout\visa_s0_k1\pcb2\test\good\0940.JPG,0,0.1974935233592987
mvtec_pcb2,D:\STUDY\My_github\sci_project\data\patchcore_closeout\visa_s0_k1\pcb2\test\good\0952.JPG,0,0.1941075176000595
mvtec_pcb2,D:\STUDY\My_github\sci_project\data\patchcore_closeout\visa_s0_k1\pcb2\test\good\0954.JPG,0,0.2989267408847809
mvtec_pcb2,D:\STUDY\My_github\sci_project\data\patchcore_closeout\visa_s0_k1\pcb2\test\good\0964.JPG,0,0.15753982961177826
mvtec_pcb2,D:\STUDY\My_github\sci_project\data\patchcore_closeout\visa_s0_k1\pcb2\test\good\0968.JPG,0,0.15472683310508728
mvtec_pcb2,D:\STUDY\My_github\sci_project\data\patchcore_closeout\visa_s0_k1\pcb2\test\good\0974.JPG,0,0.2376180738210678
mvtec_pcb2,D:\STUDY\My_github\sci_project\data\patchcore_closeout\visa_s0_k1\pcb2\test\good\0986.JPG,0,0.16005457937717438
mvtec_pcb2,D:\STUDY\My_github\sci_project\data\patchcore_closeout\visa_s0_k1\pcb2\test\good\0994.JPG,0,0.03610122948884964
mvtec_pcb2,D:\STUDY\My_github\sci_project\data\patchcore_closeout\visa_s0_k1\pcb2\test\good\0997.JPG,0,0.4176001250743866
mvtec_pcb3,D:\STUDY\My_github\sci_project\data\patchcore_closeout\visa_s0_k1\pcb3\test\bad\000.JPG,1,0.3461405038833618
mvtec_pcb3,D:\STUDY\My_github\sci_project\data\patchcore_closeout\visa_s0_k1\pcb3\test\bad\001.JPG,1,1.0
mvtec_pcb3,D:\STUDY\My_github\sci_project\data\patchcore_closeout\visa_s0_k1\pcb3\test\bad\002.JPG,1,0.17306046187877655
mvtec_pcb3,D:\STUDY\My_github\sci_project\data\patchcore_closeout\visa_s0_k1\pcb3\test\bad\003.JPG,1,0.38483303785324097
mvtec_pcb3,D:\STUDY\My_github\sci_project\data\patchcore_closeout\visa_s0_k1\pcb3\test\bad\004.JPG,1,0.4934806525707245
mvtec_pcb3,D:\STUDY\My_github\sci_project\data\patchcore_closeout\visa_s0_k1\pcb3\test\bad\005.JPG,1,0.41693389415740967
mvtec_pcb3,D:\STUDY\My_github\sci_project\data\patchcore_closeout\visa_s0_k1\pcb3\test\bad\006.JPG,1,0.4519851803779602
mvtec_pcb3,D:\STUDY\My_github\sci_project\data\patchcore_closeout\visa_s0_k1\pcb3\test\bad\007.JPG,1,0.3783861994743347
mvtec_pcb3,D:\STUDY\My_github\sci_project\data\patchcore_closeout\visa_s0_k1\pcb3\test\bad\008.JPG,1,0.3287132978439331
mvtec_pcb3,D:\STUDY\My_github\sci_project\data\patchcore_closeout\visa_s0_k1\pcb3\test\bad\009.JPG,1,0.4382016658782959
mvtec_pcb3,D:\STUDY\My_github\sci_project\data\patchcore_closeout\visa_s0_k1\pcb3\test\bad\010.JPG,1,0.70914226770401
mvtec_pcb3,D:\STUDY\My_github\sci_project\data\patchcore_closeout\visa_s0_k1\pcb3\test\bad\011.JPG,1,0.6375660300254822
mvtec_pcb3,D:\STUDY\My_github\sci_project\data\patchcore_closeout\visa_s0_k1\pcb3\test\bad\012.JPG,1,0.5922869443893433
mvtec_pcb3,D:\STUDY\My_github\sci_project\data\patchcore_closeout\visa_s0_k1\pcb3\test\bad\013.JPG,1,0.5894868969917297
mvtec_pcb3,D:\STUDY\My_github\sci_project\data\patchcore_closeout\visa_s0_k1\pcb3\test\bad\014.JPG,1,0.5077841281890869
mvtec_pcb3,D:\STUDY\My_github\sci_project\data\patchcore_closeout\visa_s0_k1\pcb3\test\bad\015.JPG,1,0.2687581479549408
mvtec_pcb3,D:\STUDY\My_github\sci_project\data\patchcore_closeout\visa_s0_k1\pcb3\test\bad\016.JPG,1,0.052843138575553894
mvtec_pcb3,D:\STUDY\My_github\sci_project\data\patchcore_closeout\visa_s0_k1\pcb3\test\bad\017.JPG,1,0.24341779947280884
mvtec_pcb3,D:\STUDY\My_github\sci_project\data\patchcore_closeout\visa_s0_k1\pcb3\test\bad\018.JPG,1,0.21176055073738098
mvtec_pcb3,D:\STUDY\My_github\sci_project\data\patchcore_closeout\visa_s0_k1\pcb3\test\bad\019.JPG,1,0.4327942132949829
mvtec_pcb3,D:\STUDY\My_github\sci_project\data\patchcore_closeout\visa_s0_k1\pcb3\test\bad\020.JPG,1,0.07361678779125214
mvtec_pcb3,D:\STUDY\My_github\sci_project\data\patchcore_closeout\visa_s0_k1\pcb3\test\bad\021.JPG,1,0.10553544014692307
mvtec_pcb3,D:\STUDY\My_github\sci_project\data\patchcore_closeout\visa_s0_k1\pcb3\test\bad\022.JPG,1,0.11970163881778717
mvtec_pcb3,D:\STUDY\My_github\sci_project\data\patchcore_closeout\visa_s0_k1\pcb3\test\bad\023.JPG,1,0.119107186794281
mvtec_pcb3,D:\STUDY\My_github\sci_project\data\patchcore_closeout\visa_s0_k1\pcb3\test\bad\024.JPG,1,0.07367774099111557
mvtec_pcb3,D:\STUDY\My_github\sci_project\data\patchcore_closeout\visa_s0_k1\pcb3\test\bad\025.JPG,1,0.19816076755523682
mvtec_pcb3,D:\STUDY\My_github\sci_project\data\patchcore_closeout\visa_s0_k1\pcb3\test\bad\026.JPG,1,0.21360084414482117
mvtec_pcb3,D:\STUDY\My_github\sci_project\data\patchcore_closeout\visa_s0_k1\pcb3\test\bad\027.JPG,1,0.15029235184192657
mvtec_pcb3,D:\STUDY\My_github\sci_project\data\patchcore_closeout\visa_s0_k1\pcb3\test\bad\028.JPG,1,0.057398051023483276
mvtec_pcb3,D:\STUDY\My_github\sci_project\data\patchcore_closeout\visa_s0_k1\pcb3\test\bad\029.JPG,1,0.05941366031765938
mvtec_pcb3,D:\STUDY\My_github\sci_project\data\patchcore_closeout\visa_s0_k1\pcb3\test\bad\030.JPG,1,0.06298079341650009
mvtec_pcb3,D:\STUDY\My_github\sci_project\data\patchcore_closeout\visa_s0_k1\pcb3\test\bad\031.JPG,1,0.10661309957504272
mvtec_pcb3,D:\STUDY\My_github\sci_project\data\patchcore_closeout\visa_s0_k1\pcb3\test\bad\032.JPG,1,0.13695263862609863
mvtec_pcb3,D:\STUDY\My_github\sci_project\data\patchcore_closeout\visa_s0_k1\pcb3\test\bad\033.JPG,1,0.08369236439466476
mvtec_pcb3,D:\STUDY\My_github\sci_project\data\patchcore_closeout\visa_s0_k1\pcb3\test\bad\034.JPG,1,0.202262282371521
mvtec_pcb3,D:\STUDY\My_github\sci_project\data\patchcore_closeout\visa_s0_k1\pcb3\test\bad\035.JPG,1,0.033853281289339066
mvtec_pcb3,D:\STUDY\My_github\sci_project\data\patchcore_closeout\visa_s0_k1\pcb3\test\bad\036.JPG,1,0.11987472325563431
mvtec_pcb3,D:\STUDY\My_github\sci_project\data\patchcore_closeout\visa_s0_k1\pcb3\test\bad\037.JPG,1,0.07678346335887909
mvtec_pcb3,D:\STUDY\My_github\sci_project\data\patchcore_closeout\visa_s0_k1\pcb3\test\bad\038.JPG,1,0.03110707551240921
mvtec_pcb3,D:\STUDY\My_github\sci_project\data\patchcore_closeout\visa_s0_k1\pcb3\test\bad\039.JPG,1,0.07116468995809555
mvtec_pcb3,D:\STUDY\My_github\sci_project\data\patchcore_closeout\visa_s0_k1\pcb3\test\bad\040.JPG,1,0.24741029739379883
mvtec_pcb3,D:\STUDY\My_github\sci_project\data\patchcore_closeout\visa_s0_k1\pcb3\test\bad\041.JPG,1,0.2264597862958908
mvtec_pcb3,D:\STUDY\My_github\sci_project\data\patchcore_closeout\visa_s0_k1\pcb3\test\bad\042.JPG,1,0.041297007352113724
mvtec_pcb3,D:\STUDY\My_github\sci_project\data\patchcore_closeout\visa_s0_k1\pcb3\test\bad\043.JPG,1,0.31897345185279846
mvtec_pcb3,D:\STUDY\My_github\sci_project\data\patchcore_closeout\visa_s0_k1\pcb3\test\bad\044.JPG,1,0.452563613653183
mvtec_pcb3,D:\STUDY\My_github\sci_project\data\patchcore_closeout\visa_s0_k1\pcb3\test\bad\045.JPG,1,0.2961430251598358
mvtec_pcb3,D:\STUDY\My_github\sci_project\data\patchcore_closeout\visa_s0_k1\pcb3\test\bad\046.JPG,1,0.1496487408876419
mvtec_pcb3,D:\STUDY\My_github\sci_project\data\patchcore_closeout\visa_s0_k1\pcb3\test\bad\047.JPG,1,0.5012525320053101
mvtec_pcb3,D:\STUDY\My_github\sci_project\data\patchcore_closeout\visa_s0_k1\pcb3\test\bad\048.JPG,1,0.31345611810684204
mvtec_pcb3,D:\STUDY\My_github\sci_project\data\patchcore_closeout\visa_s0_k1\pcb3\test\bad\049.JPG,1,0.3418984115123749
mvtec_pcb3,D:\STUDY\My_github\sci_project\data\patchcore_closeout\visa_s0_k1\pcb3\test\bad\050.JPG,1,0.3249419331550598
mvtec_pcb3,D:\STUDY\My_github\sci_project\data\patchcore_closeout\visa_s0_k1\pcb3\test\bad\051.JPG,1,0.21494369208812714
mvtec_pcb3,D:\STUDY\My_github\sci_project\data\patchcore_closeout\visa_s0_k1\pcb3\test\bad\052.JPG,1,0.342769593000412
mvtec_pcb3,D:\STUDY\My_github\sci_project\data\patchcore_closeout\visa_s0_k1\pcb3\test\bad\053.JPG,1,0.3799068033695221
mvtec_pcb3,D:\STUDY\My_github\sci_project\data\patchcore_closeout\visa_s0_k1\pcb3\test\bad\054.JPG,1,0.34666866064071655
mvtec_pcb3,D:\STUDY\My_github\sci_project\data\patchcore_closeout\visa_s0_k1\pcb3\test\bad\055.JPG,1,0.22161076962947845
mvtec_pcb3,D:\STUDY\My_github\sci_project\data\patchcore_closeout\visa_s0_k1\pcb3\test\bad\056.JPG,1,0.07157158851623535
mvtec_pcb3,D:\STUDY\My_github\sci_project\data\patchcore_closeout\visa_s0_k1\pcb3\test\bad\057.JPG,1,0.3798027038574219
mvtec_pcb3,D:\STUDY\My_github\sci_project\data\patchcore_closeout\visa_s0_k1\pcb3\test\bad\058.JPG,1,0.12937165796756744
mvtec_pcb3,D:\STUDY\My_github\sci_project\data\patchcore_closeout\visa_s0_k1\pcb3\test\bad\059.JPG,1,0.11854566633701324
mvtec_pcb3,D:\STUDY\My_github\sci_project\data\patchcore_closeout\visa_s0_k1\pcb3\test\bad\060.JPG,1,0.07368530333042145
mvtec_pcb3,D:\STUDY\My_github\sci_project\data\patchcore_closeout\visa_s0_k1\pcb3\test\bad\061.JPG,1,0.06617417186498642
mvtec_pcb3,D:\STUDY\My_github\sci_project\data\patchcore_closeout\visa_s0_k1\pcb3\test\bad\062.JPG,1,0.05880341678857803
mvtec_pcb3,D:\STUDY\My_github\sci_project\data\patchcore_closeout\visa_s0_k1\pcb3\test\bad\063.JPG,1,0.17266981303691864
mvtec_pcb3,D:\STUDY\My_github\sci_project\data\patchcore_closeout\visa_s0_k1\pcb3\test\bad\064.JPG,1,0.16363117098808289
mvtec_pcb3,D:\STUDY\My_github\sci_project\data\patchcore_closeout\visa_s0_k1\pcb3\test\bad\065.JPG,1,0.0914359912276268
mvtec_pcb3,D:\STUDY\My_github\sci_project\data\patchcore_closeout\visa_s0_k1\pcb3\test\bad\066.JPG,1,0.05729037523269653
mvtec_pcb3,D:\STUDY\My_github\sci_project\data\patchcore_closeout\visa_s0_k1\pcb3\test\bad\067.JPG,1,0.20971868932247162
mvtec_pcb3,D:\STUDY\My_github\sci_project\data\patchcore_closeout\visa_s0_k1\pcb3\test\bad\068.JPG,1,0.08700476586818695
mvtec_pcb3,D:\STUDY\My_github\sci_project\data\patchcore_closeout\visa_s0_k1\pcb3\test\bad\069.JPG,1,0.132221981883049
mvtec_pcb3,D:\STUDY\My_github\sci_project\data\patchcore_closeout\visa_s0_k1\pcb3\test\bad\070.JPG,1,0.04662056639790535
mvtec_pcb3,D:\STUDY\My_github\sci_project\data\patchcore_closeout\visa_s0_k1\pcb3\test\bad\071.JPG,1,0.202672079205513
mvtec_pcb3,D:\STUDY\My_github\sci_project\data\patchcore_closeout\visa_s0_k1\pcb3\test\bad\072.JPG,1,0.1533849537372589
mvtec_pcb3,D:\STUDY\My_github\sci_project\data\patchcore_closeout\visa_s0_k1\pcb3\test\bad\073.JPG,1,0.1159743219614029
mvtec_pcb3,D:\STUDY\My_github\sci_project\data\patchcore_closeout\visa_s0_k1\pcb3\test\bad\074.JPG,1,0.3102324604988098
mvtec_pcb3,D:\STUDY\My_github\sci_project\data\patchcore_closeout\visa_s0_k1\pcb3\test\bad\075.JPG,1,0.0420282781124115
mvtec_pcb3,D:\STUDY\My_github\sci_project\data\patchcore_closeout\visa_s0_k1\pcb3\test\bad\076.JPG,1,0.15629088878631592
mvtec_pcb3,D:\STUDY\My_github\sci_project\data\patchcore_closeout\visa_s0_k1\pcb3\test\bad\077.JPG,1,0.17412856221199036
mvtec_pcb3,D:\STUDY\My_github\sci_project\data\patchcore_closeout\visa_s0_k1\pcb3\test\bad\078.JPG,1,0.23712337017059326
mvtec_pcb3,D:\STUDY\My_github\sci_project\data\patchcore_closeout\visa_s0_k1\pcb3\test\bad\079.JPG,1,0.16806194186210632
mvtec_pcb3,D:\STUDY\My_github\sci_project\data\patchcore_closeout\visa_s0_k1\pcb3\test\bad\080.JPG,1,0.03233601525425911
mvtec_pcb3,D:\STUDY\My_github\sci_project\data\patchcore_closeout\visa_s0_k1\pcb3\test\bad\081.JPG,1,0.2612292170524597
mvtec_pcb3,D:\STUDY\My_github\sci_project\data\patchcore_closeout\visa_s0_k1\pcb3\test\bad\082.JPG,1,0.25779956579208374
mvtec_pcb3,D:\STUDY\My_github\sci_project\data\patchcore_closeout\visa_s0_k1\pcb3\test\bad\083.JPG,1,0.04733915627002716
mvtec_pcb3,D:\STUDY\My_github\sci_project\data\patchcore_closeout\visa_s0_k1\pcb3\test\bad\084.JPG,1,0.14086104929447174
mvtec_pcb3,D:\STUDY\My_github\sci_project\data\patchcore_closeout\visa_s0_k1\pcb3\test\bad\085.JPG,1,0.037920981645584106
mvtec_pcb3,D:\STUDY\My_github\sci_project\data\patchcore_closeout\visa_s0_k1\pcb3\test\bad\086.JPG,1,0.17419196665287018
mvtec_pcb3,D:\STUDY\My_github\sci_project\data\patchcore_closeout\visa_s0_k1\pcb3\test\bad\087.JPG,1,0.5592843890190125
mvtec_pcb3,D:\STUDY\My_github\sci_project\data\patchcore_closeout\visa_s0_k1\pcb3\test\bad\088.JPG,1,0.22469913959503174
mvtec_pcb3,D:\STUDY\My_github\sci_project\data\patchcore_closeout\visa_s0_k1\pcb3\test\bad\089.JPG,1,0.1490476131439209
mvtec_pcb3,D:\STUDY\My_github\sci_project\data\patchcore_closeout\visa_s0_k1\pcb3\test\bad\090.JPG,1,0.0828658789396286
mvtec_pcb3,D:\STUDY\My_github\sci_project\data\patchcore_closeout\visa_s0_k1\pcb3\test\bad\091.JPG,1,0.05136680603027344
mvtec_pcb3,D:\STUDY\My_github\sci_project\data\patchcore_closeout\visa_s0_k1\pcb3\test\bad\092.JPG,1,0.3014679253101349
mvtec_pcb3,D:\STUDY\My_github\sci_project\data\patchcore_closeout\visa_s0_k1\pcb3\test\bad\093.JPG,1,0.11506707966327667
mvtec_pcb3,D:\STUDY\My_github\sci_project\data\patchcore_closeout\visa_s0_k1\pcb3\test\bad\094.JPG,1,0.09038235247135162
mvtec_pcb3,D:\STUDY\My_github\sci_project\data\patchcore_closeout\visa_s0_k1\pcb3\test\bad\095.JPG,1,0.5441980361938477
mvtec_pcb3,D:\STUDY\My_github\sci_project\data\patchcore_closeout\visa_s0_k1\pcb3\test\bad\096.JPG,1,0.14725759625434875
mvtec_pcb3,D:\STUDY\My_github\sci_project\data\patchcore_closeout\visa_s0_k1\pcb3\test\bad\097.JPG,1,0.0780564546585083
mvtec_pcb3,D:\STUDY\My_github\sci_project\data\patchcore_closeout\visa_s0_k1\pcb3\test\bad\098.JPG,1,0.012370615266263485
mvtec_pcb3,D:\STUDY\My_github\sci_project\data\patchcore_closeout\visa_s0_k1\pcb3\test\bad\099.JPG,1,0.40897268056869507
mvtec_pcb3,D:\STUDY\My_github\sci_project\data\patchcore_closeout\visa_s0_k1\pcb3\test\good\0011.JPG,0,0.18872123956680298
mvtec_pcb3,D:\STUDY\My_github\sci_project\data\patchcore_closeout\visa_s0_k1\pcb3\test\good\0013.JPG,0,0.11896257847547531
mvtec_pcb3,D:\STUDY\My_github\sci_project\data\patchcore_closeout\visa_s0_k1\pcb3\test\good\0016.JPG,0,0.004116196651011705
mvtec_pcb3,D:\STUDY\My_github\sci_project\data\patchcore_closeout\visa_s0_k1\pcb3\test\good\0024.JPG,0,0.021190116181969643
mvtec_pcb3,D:\STUDY\My_github\sci_project\data\patchcore_closeout\visa_s0_k1\pcb3\test\good\0026.JPG,0,0.14425288140773773
mvtec_pcb3,D:\STUDY\My_github\sci_project\data\patchcore_closeout\visa_s0_k1\pcb3\test\good\0027.JPG,0,0.09855957329273224
mvtec_pcb3,D:\STUDY\My_github\sci_project\data\patchcore_closeout\visa_s0_k1\pcb3\test\good\0046.JPG,0,0.18187129497528076
mvtec_pcb3,D:\STUDY\My_github\sci_project\data\patchcore_closeout\visa_s0_k1\pcb3\test\good\0100.JPG,0,0.005812331568449736
mvtec_pcb3,D:\STUDY\My_github\sci_project\data\patchcore_closeout\visa_s0_k1\pcb3\test\good\0107.JPG,0,0.12240157276391983
mvtec_pcb3,D:\STUDY\My_github\sci_project\data\patchcore_closeout\visa_s0_k1\pcb3\test\good\0159.JPG,0,0.14465110003948212
mvtec_pcb3,D:\STUDY\My_github\sci_project\data\patchcore_closeout\visa_s0_k1\pcb3\test\good\0168.JPG,0,0.11751873046159744
mvtec_pcb3,D:\STUDY\My_github\sci_project\data\patchcore_closeout\visa_s0_k1\pcb3\test\good\0170.JPG,0,0.055531058460474014
mvtec_pcb3,D:\STUDY\My_github\sci_project\data\patchcore_closeout\visa_s0_k1\pcb3\test\good\0172.JPG,0,0.310413122177124
mvtec_pcb3,D:\STUDY\My_github\sci_project\data\patchcore_closeout\visa_s0_k1\pcb3\test\good\0174.JPG,0,0.09515929967164993
mvtec_pcb3,D:\STUDY\My_github\sci_project\data\patchcore_closeout\visa_s0_k1\pcb3\test\good\0178.JPG,0,0.08099576830863953
mvtec_pcb3,D:\STUDY\My_github\sci_project\data\patchcore_closeout\visa_s0_k1\pcb3\test\good\0187.JPG,0,0.18545177578926086
mvtec_pcb3,D:\STUDY\My_github\sci_project\data\patchcore_closeout\visa_s0_k1\pcb3\test\good\0196.JPG,0,0.0662311241030693
mvtec_pcb3,D:\STUDY\My_github\sci_project\data\patchcore_closeout\visa_s0_k1\pcb3\test\good\0208.JPG,0,0.03236805275082588
mvtec_pcb3,D:\STUDY\My_github\sci_project\data\patchcore_closeout\visa_s0_k1\pcb3\test\good\0214.JPG,0,0.020244160667061806
mvtec_pcb3,D:\STUDY\My_github\sci_project\data\patchcore_closeout\visa_s0_k1\pcb3\test\good\0215.JPG,0,0.07062585651874542
mvtec_pcb3,D:\STUDY\My_github\sci_project\data\patchcore_closeout\visa_s0_k1\pcb3\test\good\0237.JPG,0,0.04972139745950699
mvtec_pcb3,D:\STUDY\My_github\sci_project\data\patchcore_closeout\visa_s0_k1\pcb3\test\good\0261.JPG,0,0.09408653527498245
mvtec_pcb3,D:\STUDY\My_github\sci_project\data\patchcore_closeout\visa_s0_k1\pcb3\test\good\0286.JPG,0,0.11026611179113388
mvtec_pcb3,D:\STUDY\My_github\sci_project\data\patchcore_closeout\visa_s0_k1\pcb3\test\good\0294.JPG,0,0.11448352783918381
mvtec_pcb3,D:\STUDY\My_github\sci_project\data\patchcore_closeout\visa_s0_k1\pcb3\test\good\0297.JPG,0,0.03953658044338226
mvtec_pcb3,D:\STUDY\My_github\sci_project\data\patchcore_closeout\visa_s0_k1\pcb3\test\good\0303.JPG,0,0.13189081847667694
mvtec_pcb3,D:\STUDY\My_github\sci_project\data\patchcore_closeout\visa_s0_k1\pcb3\test\good\0306.JPG,0,0.1659965068101883
mvtec_pcb3,D:\STUDY\My_github\sci_project\data\patchcore_closeout\visa_s0_k1\pcb3\test\good\0320.JPG,0,0.06146441400051117
mvtec_pcb3,D:\STUDY\My_github\sci_project\data\patchcore_closeout\visa_s0_k1\pcb3\test\good\0333.JPG,0,0.12940546870231628
mvtec_pcb3,D:\STUDY\My_github\sci_project\data\patchcore_closeout\visa_s0_k1\pcb3\test\good\0363.JPG,0,0.12167808413505554
mvtec_pcb3,D:\STUDY\My_github\sci_project\data\patchcore_closeout\visa_s0_k1\pcb3\test\good\0377.JPG,0,0.09213855862617493
mvtec_pcb3,D:\STUDY\My_github\sci_project\data\patchcore_closeout\visa_s0_k1\pcb3\test\good\0394.JPG,0,0.13723251223564148
mvtec_pcb3,D:\STUDY\My_github\sci_project\data\patchcore_closeout\visa_s0_k1\pcb3\test\good\0400.JPG,0,0.13850350677967072
mvtec_pcb3,D:\STUDY\My_github\sci_project\data\patchcore_closeout\visa_s0_k1\pcb3\test\good\0402.JPG,0,0.0542033389210701
mvtec_pcb3,D:\STUDY\My_github\sci_project\data\patchcore_closeout\visa_s0_k1\pcb3\test\good\0417.JPG,0,0.11316271126270294
mvtec_pcb3,D:\STUDY\My_github\sci_project\data\patchcore_closeout\visa_s0_k1\pcb3\test\good\0423.JPG,0,0.08693535625934601
mvtec_pcb3,D:\STUDY\My_github\sci_project\data\patchcore_closeout\visa_s0_k1\pcb3\test\good\0427.JPG,0,0.10741978883743286
mvtec_pcb3,D:\STUDY\My_github\sci_project\data\patchcore_closeout\visa_s0_k1\pcb3\test\good\0457.JPG,0,0.10047952085733414
mvtec_pcb3,D:\STUDY\My_github\sci_project\data\patchcore_closeout\visa_s0_k1\pcb3\test\good\0469.JPG,0,0.016392260789871216
mvtec_pcb3,D:\STUDY\My_github\sci_project\data\patchcore_closeout\visa_s0_k1\pcb3\test\good\0479.JPG,0,0.08448948711156845
mvtec_pcb3,D:\STUDY\My_github\sci_project\data\patchcore_closeout\visa_s0_k1\pcb3\test\good\0483.JPG,0,0.028974447399377823
mvtec_pcb3,D:\STUDY\My_github\sci_project\data\patchcore_closeout\visa_s0_k1\pcb3\test\good\0484.JPG,0,0.0906604453921318
mvtec_pcb3,D:\STUDY\My_github\sci_project\data\patchcore_closeout\visa_s0_k1\pcb3\test\good\0488.JPG,0,0.042058978229761124
mvtec_pcb3,D:\STUDY\My_github\sci_project\data\patchcore_closeout\visa_s0_k1\pcb3\test\good\0490.JPG,0,0.16379936039447784
mvtec_pcb3,D:\STUDY\My_github\sci_project\data\patchcore_closeout\visa_s0_k1\pcb3\test\good\0514.JPG,0,0.11417651921510696
mvtec_pcb3,D:\STUDY\My_github\sci_project\data\patchcore_closeout\visa_s0_k1\pcb3\test\good\0518.JPG,0,0.15424369275569916
mvtec_pcb3,D:\STUDY\My_github\sci_project\data\patchcore_closeout\visa_s0_k1\pcb3\test\good\0520.JPG,0,0.04476781189441681
mvtec_pcb3,D:\STUDY\My_github\sci_project\data\patchcore_closeout\visa_s0_k1\pcb3\test\good\0525.JPG,0,0.07681238651275635
mvtec_pcb3,D:\STUDY\My_github\sci_project\data\patchcore_closeout\visa_s0_k1\pcb3\test\good\0545.JPG,0,0.05177482217550278
mvtec_pcb3,D:\STUDY\My_github\sci_project\data\patchcore_closeout\visa_s0_k1\pcb3\test\good\0552.JPG,0,0.15596964955329895
mvtec_pcb3,D:\STUDY\My_github\sci_project\data\patchcore_closeout\visa_s0_k1\pcb3\test\good\0569.JPG,0,0.3104705214500427
mvtec_pcb3,D:\STUDY\My_github\sci_project\data\patchcore_closeout\visa_s0_k1\pcb3\test\good\0615.JPG,0,0.032197192311286926
mvtec_pcb3,D:\STUDY\My_github\sci_project\data\patchcore_closeout\visa_s0_k1\pcb3\test\good\0617.JPG,0,0.21226267516613007
mvtec_pcb3,D:\STUDY\My_github\sci_project\data\patchcore_closeout\visa_s0_k1\pcb3\test\good\0619.JPG,0,0.06922738999128342
mvtec_pcb3,D:\STUDY\My_github\sci_project\data\patchcore_closeout\visa_s0_k1\pcb3\test\good\0621.JPG,0,0.06306444108486176
mvtec_pcb3,D:\STUDY\My_github\sci_project\data\patchcore_closeout\visa_s0_k1\pcb3\test\good\0629.JPG,0,0.1480417102575302
mvtec_pcb3,D:\STUDY\My_github\sci_project\data\patchcore_closeout\visa_s0_k1\pcb3\test\good\0631.JPG,0,0.056103259325027466
mvtec_pcb3,D:\STUDY\My_github\sci_project\data\patchcore_closeout\visa_s0_k1\pcb3\test\good\0648.JPG,0,0.05793354660272598
mvtec_pcb3,D:\STUDY\My_github\sci_project\data\patchcore_closeout\visa_s0_k1\pcb3\test\good\0654.JPG,0,0.35739007592201233
mvtec_pcb3,D:\STUDY\My_github\sci_project\data\patchcore_closeout\visa_s0_k1\pcb3\test\good\0657.JPG,0,0.1514343023300171
mvtec_pcb3,D:\STUDY\My_github\sci_project\data\patchcore_closeout\visa_s0_k1\pcb3\test\good\0659.JPG,0,0.08600252866744995
mvtec_pcb3,D:\STUDY\My_github\sci_project\data\patchcore_closeout\visa_s0_k1\pcb3\test\good\0674.JPG,0,0.0790780559182167
mvtec_pcb3,D:\STUDY\My_github\sci_project\data\patchcore_closeout\visa_s0_k1\pcb3\test\good\0684.JPG,0,0.1281222403049469
mvtec_pcb3,D:\STUDY\My_github\sci_project\data\patchcore_closeout\visa_s0_k1\pcb3\test\good\0685.JPG,0,0.040082529187202454
mvtec_pcb3,D:\STUDY\My_github\sci_project\data\patchcore_closeout\visa_s0_k1\pcb3\test\good\0688.JPG,0,0.5535163283348083
mvtec_pcb3,D:\STUDY\My_github\sci_project\data\patchcore_closeout\visa_s0_k1\pcb3\test\good\0690.JPG,0,0.04388214647769928
mvtec_pcb3,D:\STUDY\My_github\sci_project\data\patchcore_closeout\visa_s0_k1\pcb3\test\good\0694.JPG,0,0.10845161974430084
mvtec_pcb3,D:\STUDY\My_github\sci_project\data\patchcore_closeout\visa_s0_k1\pcb3\test\good\0705.JPG,0,0.2158491611480713
mvtec_pcb3,D:\STUDY\My_github\sci_project\data\patchcore_closeout\visa_s0_k1\pcb3\test\good\0725.JPG,0,0.06569140404462814
mvtec_pcb3,D:\STUDY\My_github\sci_project\data\patchcore_closeout\visa_s0_k1\pcb3\test\good\0730.JPG,0,0.13278216123580933
mvtec_pcb3,D:\STUDY\My_github\sci_project\data\patchcore_closeout\visa_s0_k1\pcb3\test\good\0735.JPG,0,0.11663728952407837
mvtec_pcb3,D:\STUDY\My_github\sci_project\data\patchcore_closeout\visa_s0_k1\pcb3\test\good\0739.JPG,0,0.06902961432933807
mvtec_pcb3,D:\STUDY\My_github\sci_project\data\patchcore_closeout\visa_s0_k1\pcb3\test\good\0751.JPG,0,0.0
mvtec_pcb3,D:\STUDY\My_github\sci_project\data\patchcore_closeout\visa_s0_k1\pcb3\test\good\0755.JPG,0,0.12745259702205658
mvtec_pcb3,D:\STUDY\My_github\sci_project\data\patchcore_closeout\visa_s0_k1\pcb3\test\good\0764.JPG,0,0.12113124877214432
mvtec_pcb3,D:\STUDY\My_github\sci_project\data\patchcore_closeout\visa_s0_k1\pcb3\test\good\0768.JPG,0,0.15976592898368835
mvtec_pcb3,D:\STUDY\My_github\sci_project\data\patchcore_closeout\visa_s0_k1\pcb3\test\good\0779.JPG,0,0.11956993490457535
mvtec_pcb3,D:\STUDY\My_github\sci_project\data\patchcore_closeout\visa_s0_k1\pcb3\test\good\0784.JPG,0,0.10080032795667648
mvtec_pcb3,D:\STUDY\My_github\sci_project\data\patchcore_closeout\visa_s0_k1\pcb3\test\good\0796.JPG,0,0.04819256067276001
mvtec_pcb3,D:\STUDY\My_github\sci_project\data\patchcore_closeout\visa_s0_k1\pcb3\test\good\0797.JPG,0,0.07852765172719955
mvtec_pcb3,D:\STUDY\My_github\sci_project\data\patchcore_closeout\visa_s0_k1\pcb3\test\good\0800.JPG,0,0.1033761203289032
mvtec_pcb3,D:\STUDY\My_github\sci_project\data\patchcore_closeout\visa_s0_k1\pcb3\test\good\0804.JPG,0,0.13851596415042877
mvtec_pcb3,D:\STUDY\My_github\sci_project\data\patchcore_closeout\visa_s0_k1\pcb3\test\good\0811.JPG,0,0.13617977499961853
mvtec_pcb3,D:\STUDY\My_github\sci_project\data\patchcore_closeout\visa_s0_k1\pcb3\test\good\0844.JPG,0,0.1383475512266159
mvtec_pcb3,D:\STUDY\My_github\sci_project\data\patchcore_closeout\visa_s0_k1\pcb3\test\good\0869.JPG,0,0.12386811524629593
mvtec_pcb3,D:\STUDY\My_github\sci_project\data\patchcore_closeout\visa_s0_k1\pcb3\test\good\0871.JPG,0,0.24878540635108948
mvtec_pcb3,D:\STUDY\My_github\sci_project\data\patchcore_closeout\visa_s0_k1\pcb3\test\good\0892.JPG,0,0.06032624468207359
mvtec_pcb3,D:\STUDY\My_github\sci_project\data\patchcore_closeout\visa_s0_k1\pcb3\test\good\0900.JPG,0,0.07381389290094376
mvtec_pcb3,D:\STUDY\My_github\sci_project\data\patchcore_closeout\visa_s0_k1\pcb3\test\good\0920.JPG,0,0.06950325518846512
mvtec_pcb3,D:\STUDY\My_github\sci_project\data\patchcore_closeout\visa_s0_k1\pcb3\test\good\0923.JPG,0,0.13323067128658295
mvtec_pcb3,D:\STUDY\My_github\sci_project\data\patchcore_closeout\visa_s0_k1\pcb3\test\good\0935.JPG,0,0.04858722910284996
mvtec_pcb3,D:\STUDY\My_github\sci_project\data\patchcore_closeout\visa_s0_k1\pcb3\test\good\0940.JPG,0,0.06578662246465683
mvtec_pcb3,D:\STUDY\My_github\sci_project\data\patchcore_closeout\visa_s0_k1\pcb3\test\good\0952.JPG,0,0.10864828526973724
mvtec_pcb3,D:\STUDY\My_github\sci_project\data\patchcore_closeout\visa_s0_k1\pcb3\test\good\0958.JPG,0,0.10533209890127182
mvtec_pcb3,D:\STUDY\My_github\sci_project\data\patchcore_closeout\visa_s0_k1\pcb3\test\good\0964.JPG,0,0.30199697613716125
mvtec_pcb3,D:\STUDY\My_github\sci_project\data\patchcore_closeout\visa_s0_k1\pcb3\test\good\0972.JPG,0,0.18938954174518585
mvtec_pcb3,D:\STUDY\My_github\sci_project\data\patchcore_closeout\visa_s0_k1\pcb3\test\good\0974.JPG,0,0.07062763720750809
mvtec_pcb3,D:\STUDY\My_github\sci_project\data\patchcore_closeout\visa_s0_k1\pcb3\test\good\0977.JPG,0,0.09998473525047302
mvtec_pcb3,D:\STUDY\My_github\sci_project\data\patchcore_closeout\visa_s0_k1\pcb3\test\good\0991.JPG,0,0.04207143932580948
mvtec_pcb3,D:\STUDY\My_github\sci_project\data\patchcore_closeout\visa_s0_k1\pcb3\test\good\0994.JPG,0,0.04048031195998192
mvtec_pcb3,D:\STUDY\My_github\sci_project\data\patchcore_closeout\visa_s0_k1\pcb3\test\good\1002.JPG,0,0.2831161320209503
mvtec_pcb4,D:\STUDY\My_github\sci_project\data\patchcore_closeout\visa_s0_k1\pcb4\test\bad\000.JPG,1,0.27638500928878784
mvtec_pcb4,D:\STUDY\My_github\sci_project\data\patchcore_closeout\visa_s0_k1\pcb4\test\bad\001.JPG,1,0.2979825735092163
mvtec_pcb4,D:\STUDY\My_github\sci_project\data\patchcore_closeout\visa_s0_k1\pcb4\test\bad\002.JPG,1,0.20575234293937683
mvtec_pcb4,D:\STUDY\My_github\sci_project\data\patchcore_closeout\visa_s0_k1\pcb4\test\bad\003.JPG,1,0.21219253540039062
mvtec_pcb4,D:\STUDY\My_github\sci_project\data\patchcore_closeout\visa_s0_k1\pcb4\test\bad\004.JPG,1,0.1881757229566574
mvtec_pcb4,D:\STUDY\My_github\sci_project\data\patchcore_closeout\visa_s0_k1\pcb4\test\bad\005.JPG,1,0.183057963848114
mvtec_pcb4,D:\STUDY\My_github\sci_project\data\patchcore_closeout\visa_s0_k1\pcb4\test\bad\006.JPG,1,0.1567852944135666
mvtec_pcb4,D:\STUDY\My_github\sci_project\data\patchcore_closeout\visa_s0_k1\pcb4\test\bad\007.JPG,1,0.27419811487197876
mvtec_pcb4,D:\STUDY\My_github\sci_project\data\patchcore_closeout\visa_s0_k1\pcb4\test\bad\008.JPG,1,0.17136093974113464
mvtec_pcb4,D:\STUDY\My_github\sci_project\data\patchcore_closeout\visa_s0_k1\pcb4\test\bad\009.JPG,1,0.1343989223241806
mvtec_pcb4,D:\STUDY\My_github\sci_project\data\patchcore_closeout\visa_s0_k1\pcb4\test\bad\010.JPG,1,0.3321487009525299
mvtec_pcb4,D:\STUDY\My_github\sci_project\data\patchcore_closeout\visa_s0_k1\pcb4\test\bad\011.JPG,1,0.37171244621276855
mvtec_pcb4,D:\STUDY\My_github\sci_project\data\patchcore_closeout\visa_s0_k1\pcb4\test\bad\012.JPG,1,0.13789182901382446
mvtec_pcb4,D:\STUDY\My_github\sci_project\data\patchcore_closeout\visa_s0_k1\pcb4\test\bad\013.JPG,1,0.28720521926879883
mvtec_pcb4,D:\STUDY\My_github\sci_project\data\patchcore_closeout\visa_s0_k1\pcb4\test\bad\014.JPG,1,0.20274756848812103
mvtec_pcb4,D:\STUDY\My_github\sci_project\data\patchcore_closeout\visa_s0_k1\pcb4\test\bad\015.JPG,1,0.19314008951187134
mvtec_pcb4,D:\STUDY\My_github\sci_project\data\patchcore_closeout\visa_s0_k1\pcb4\test\bad\016.JPG,1,0.28645071387290955
mvtec_pcb4,D:\STUDY\My_github\sci_project\data\patchcore_closeout\visa_s0_k1\pcb4\test\bad\017.JPG,1,0.5379790663719177
mvtec_pcb4,D:\STUDY\My_github\sci_project\data\patchcore_closeout\visa_s0_k1\pcb4\test\bad\018.JPG,1,0.23201298713684082
mvtec_pcb4,D:\STUDY\My_github\sci_project\data\patchcore_closeout\visa_s0_k1\pcb4\test\bad\019.JPG,1,0.21510902047157288
mvtec_pcb4,D:\STUDY\My_github\sci_project\data\patchcore_closeout\visa_s0_k1\pcb4\test\bad\020.JPG,1,0.28418636322021484
mvtec_pcb4,D:\STUDY\My_github\sci_project\data\patchcore_closeout\visa_s0_k1\pcb4\test\bad\021.JPG,1,0.2649303078651428
mvtec_pcb4,D:\STUDY\My_github\sci_project\data\patchcore_closeout\visa_s0_k1\pcb4\test\bad\022.JPG,1,0.33866778016090393
mvtec_pcb4,D:\STUDY\My_github\sci_project\data\patchcore_closeout\visa_s0_k1\pcb4\test\bad\023.JPG,1,0.14221638441085815
mvtec_pcb4,D:\STUDY\My_github\sci_project\data\patchcore_closeout\visa_s0_k1\pcb4\test\bad\024.JPG,1,0.24462056159973145
mvtec_pcb4,D:\STUDY\My_github\sci_project\data\patchcore_closeout\visa_s0_k1\pcb4\test\bad\025.JPG,1,0.2206583172082901
mvtec_pcb4,D:\STUDY\My_github\sci_project\data\patchcore_closeout\visa_s0_k1\pcb4\test\bad\026.JPG,1,0.28703683614730835
mvtec_pcb4,D:\STUDY\My_github\sci_project\data\patchcore_closeout\visa_s0_k1\pcb4\test\bad\027.JPG,1,0.3046046495437622
mvtec_pcb4,D:\STUDY\My_github\sci_project\data\patchcore_closeout\visa_s0_k1\pcb4\test\bad\028.JPG,1,0.3437333405017853
mvtec_pcb4,D:\STUDY\My_github\sci_project\data\patchcore_closeout\visa_s0_k1\pcb4\test\bad\029.JPG,1,0.19428062438964844
mvtec_pcb4,D:\STUDY\My_github\sci_project\data\patchcore_closeout\visa_s0_k1\pcb4\test\bad\030.JPG,1,0.25741177797317505
mvtec_pcb4,D:\STUDY\My_github\sci_project\data\patchcore_closeout\visa_s0_k1\pcb4\test\bad\031.JPG,1,0.3400213122367859
mvtec_pcb4,D:\STUDY\My_github\sci_project\data\patchcore_closeout\visa_s0_k1\pcb4\test\bad\032.JPG,1,0.42376580834388733
mvtec_pcb4,D:\STUDY\My_github\sci_project\data\patchcore_closeout\visa_s0_k1\pcb4\test\bad\033.JPG,1,0.4458535611629486
mvtec_pcb4,D:\STUDY\My_github\sci_project\data\patchcore_closeout\visa_s0_k1\pcb4\test\bad\034.JPG,1,0.21808592975139618
mvtec_pcb4,D:\STUDY\My_github\sci_project\data\patchcore_closeout\visa_s0_k1\pcb4\test\bad\035.JPG,1,0.754006564617157
mvtec_pcb4,D:\STUDY\My_github\sci_project\data\patchcore_closeout\visa_s0_k1\pcb4\test\bad\036.JPG,1,0.5419460535049438
mvtec_pcb4,D:\STUDY\My_github\sci_project\data\patchcore_closeout\visa_s0_k1\pcb4\test\bad\037.JPG,1,0.5684475302696228
mvtec_pcb4,D:\STUDY\My_github\sci_project\data\patchcore_closeout\visa_s0_k1\pcb4\test\bad\038.JPG,1,0.140965536236763
mvtec_pcb4,D:\STUDY\My_github\sci_project\data\patchcore_closeout\visa_s0_k1\pcb4\test\bad\039.JPG,1,0.685773491859436
mvtec_pcb4,D:\STUDY\My_github\sci_project\data\patchcore_closeout\visa_s0_k1\pcb4\test\bad\040.JPG,1,0.3280714154243469
mvtec_pcb4,D:\STUDY\My_github\sci_project\data\patchcore_closeout\visa_s0_k1\pcb4\test\bad\041.JPG,1,0.7122066020965576
mvtec_pcb4,D:\STUDY\My_github\sci_project\data\patchcore_closeout\visa_s0_k1\pcb4\test\bad\042.JPG,1,0.2376725822687149
mvtec_pcb4,D:\STUDY\My_github\sci_project\data\patchcore_closeout\visa_s0_k1\pcb4\test\bad\043.JPG,1,1.0
mvtec_pcb4,D:\STUDY\My_github\sci_project\data\patchcore_closeout\visa_s0_k1\pcb4\test\bad\044.JPG,1,0.30507752299308777
mvtec_pcb4,D:\STUDY\My_github\sci_project\data\patchcore_closeout\visa_s0_k1\pcb4\test\bad\045.JPG,1,0.2599005401134491
mvtec_pcb4,D:\STUDY\My_github\sci_project\data\patchcore_closeout\visa_s0_k1\pcb4\test\bad\046.JPG,1,0.20777000486850739
mvtec_pcb4,D:\STUDY\My_github\sci_project\data\patchcore_closeout\visa_s0_k1\pcb4\test\bad\047.JPG,1,0.2307492345571518
mvtec_pcb4,D:\STUDY\My_github\sci_project\data\patchcore_closeout\visa_s0_k1\pcb4\test\bad\048.JPG,1,0.20284759998321533
mvtec_pcb4,D:\STUDY\My_github\sci_project\data\patchcore_closeout\visa_s0_k1\pcb4\test\bad\049.JPG,1,0.25884097814559937
mvtec_pcb4,D:\STUDY\My_github\sci_project\data\patchcore_closeout\visa_s0_k1\pcb4\test\bad\050.JPG,1,0.17447485029697418
mvtec_pcb4,D:\STUDY\My_github\sci_project\data\patchcore_closeout\visa_s0_k1\pcb4\test\bad\051.JPG,1,0.11891153454780579
mvtec_pcb4,D:\STUDY\My_github\sci_project\data\patchcore_closeout\visa_s0_k1\pcb4\test\bad\052.JPG,1,0.2963392436504364
mvtec_pcb4,D:\STUDY\My_github\sci_project\data\patchcore_closeout\visa_s0_k1\pcb4\test\bad\053.JPG,1,0.24934172630310059
mvtec_pcb4,D:\STUDY\My_github\sci_project\data\patchcore_closeout\visa_s0_k1\pcb4\test\bad\054.JPG,1,0.2120288461446762
mvtec_pcb4,D:\STUDY\My_github\sci_project\data\patchcore_closeout\visa_s0_k1\pcb4\test\bad\055.JPG,1,0.2266165316104889
mvtec_pcb4,D:\STUDY\My_github\sci_project\data\patchcore_closeout\visa_s0_k1\pcb4\test\bad\056.JPG,1,0.27158817648887634
mvtec_pcb4,D:\STUDY\My_github\sci_project\data\patchcore_closeout\visa_s0_k1\pcb4\test\bad\057.JPG,1,0.2008575201034546
mvtec_pcb4,D:\STUDY\My_github\sci_project\data\patchcore_closeout\visa_s0_k1\pcb4\test\bad\058.JPG,1,0.22992727160453796
mvtec_pcb4,D:\STUDY\My_github\sci_project\data\patchcore_closeout\visa_s0_k1\pcb4\test\bad\059.JPG,1,0.2560887634754181
mvtec_pcb4,D:\STUDY\My_github\sci_project\data\patchcore_closeout\visa_s0_k1\pcb4\test\bad\060.JPG,1,0.3002874255180359
mvtec_pcb4,D:\STUDY\My_github\sci_project\data\patchcore_closeout\visa_s0_k1\pcb4\test\bad\061.JPG,1,0.439899742603302
mvtec_pcb4,D:\STUDY\My_github\sci_project\data\patchcore_closeout\visa_s0_k1\pcb4\test\bad\062.JPG,1,0.21011093258857727
mvtec_pcb4,D:\STUDY\My_github\sci_project\data\patchcore_closeout\visa_s0_k1\pcb4\test\bad\063.JPG,1,0.5397658348083496
mvtec_pcb4,D:\STUDY\My_github\sci_project\data\patchcore_closeout\visa_s0_k1\pcb4\test\bad\064.JPG,1,0.22854267060756683
mvtec_pcb4,D:\STUDY\My_github\sci_project\data\patchcore_closeout\visa_s0_k1\pcb4\test\bad\065.JPG,1,0.24407756328582764
mvtec_pcb4,D:\STUDY\My_github\sci_project\data\patchcore_closeout\visa_s0_k1\pcb4\test\bad\066.JPG,1,0.19830450415611267
mvtec_pcb4,D:\STUDY\My_github\sci_project\data\patchcore_closeout\visa_s0_k1\pcb4\test\bad\067.JPG,1,0.22191590070724487
mvtec_pcb4,D:\STUDY\My_github\sci_project\data\patchcore_closeout\visa_s0_k1\pcb4\test\bad\068.JPG,1,0.22866030037403107
mvtec_pcb4,D:\STUDY\My_github\sci_project\data\patchcore_closeout\visa_s0_k1\pcb4\test\bad\069.JPG,1,0.17908160388469696
mvtec_pcb4,D:\STUDY\My_github\sci_project\data\patchcore_closeout\visa_s0_k1\pcb4\test\bad\070.JPG,1,0.16641712188720703
mvtec_pcb4,D:\STUDY\My_github\sci_project\data\patchcore_closeout\visa_s0_k1\pcb4\test\bad\071.JPG,1,0.2723502814769745
mvtec_pcb4,D:\STUDY\My_github\sci_project\data\patchcore_closeout\visa_s0_k1\pcb4\test\bad\072.JPG,1,0.15132518112659454
mvtec_pcb4,D:\STUDY\My_github\sci_project\data\patchcore_closeout\visa_s0_k1\pcb4\test\bad\073.JPG,1,0.2805365025997162
mvtec_pcb4,D:\STUDY\My_github\sci_project\data\patchcore_closeout\visa_s0_k1\pcb4\test\bad\074.JPG,1,0.23881253600120544
mvtec_pcb4,D:\STUDY\My_github\sci_project\data\patchcore_closeout\visa_s0_k1\pcb4\test\bad\075.JPG,1,0.3496425747871399
mvtec_pcb4,D:\STUDY\My_github\sci_project\data\patchcore_closeout\visa_s0_k1\pcb4\test\bad\076.JPG,1,0.3508095145225525
mvtec_pcb4,D:\STUDY\My_github\sci_project\data\patchcore_closeout\visa_s0_k1\pcb4\test\bad\077.JPG,1,0.30938124656677246
mvtec_pcb4,D:\STUDY\My_github\sci_project\data\patchcore_closeout\visa_s0_k1\pcb4\test\bad\078.JPG,1,0.360401451587677
mvtec_pcb4,D:\STUDY\My_github\sci_project\data\patchcore_closeout\visa_s0_k1\pcb4\test\bad\079.JPG,1,0.35922279953956604
mvtec_pcb4,D:\STUDY\My_github\sci_project\data\patchcore_closeout\visa_s0_k1\pcb4\test\bad\080.JPG,1,0.29085126519203186
mvtec_pcb4,D:\STUDY\My_github\sci_project\data\patchcore_closeout\visa_s0_k1\pcb4\test\bad\081.JPG,1,0.15165841579437256
mvtec_pcb4,D:\STUDY\My_github\sci_project\data\patchcore_closeout\visa_s0_k1\pcb4\test\bad\082.JPG,1,0.2292197197675705
mvtec_pcb4,D:\STUDY\My_github\sci_project\data\patchcore_closeout\visa_s0_k1\pcb4\test\bad\083.JPG,1,0.25530990958213806
mvtec_pcb4,D:\STUDY\My_github\sci_project\data\patchcore_closeout\visa_s0_k1\pcb4\test\bad\084.JPG,1,0.17090830206871033
mvtec_pcb4,D:\STUDY\My_github\sci_project\data\patchcore_closeout\visa_s0_k1\pcb4\test\bad\085.JPG,1,0.18790262937545776
mvtec_pcb4,D:\STUDY\My_github\sci_project\data\patchcore_closeout\visa_s0_k1\pcb4\test\bad\086.JPG,1,0.2689421474933624
mvtec_pcb4,D:\STUDY\My_github\sci_project\data\patchcore_closeout\visa_s0_k1\pcb4\test\bad\087.JPG,1,0.3278901278972626
mvtec_pcb4,D:\STUDY\My_github\sci_project\data\patchcore_closeout\visa_s0_k1\pcb4\test\bad\088.JPG,1,0.14593839645385742
mvtec_pcb4,D:\STUDY\My_github\sci_project\data\patchcore_closeout\visa_s0_k1\pcb4\test\bad\089.JPG,1,0.3511374890804291
mvtec_pcb4,D:\STUDY\My_github\sci_project\data\patchcore_closeout\visa_s0_k1\pcb4\test\bad\090.JPG,1,0.2616867423057556
mvtec_pcb4,D:\STUDY\My_github\sci_project\data\patchcore_closeout\visa_s0_k1\pcb4\test\bad\091.JPG,1,0.30617934465408325
mvtec_pcb4,D:\STUDY\My_github\sci_project\data\patchcore_closeout\visa_s0_k1\pcb4\test\bad\092.JPG,1,0.21768638491630554
mvtec_pcb4,D:\STUDY\My_github\sci_project\data\patchcore_closeout\visa_s0_k1\pcb4\test\bad\093.JPG,1,0.17334720492362976
mvtec_pcb4,D:\STUDY\My_github\sci_project\data\patchcore_closeout\visa_s0_k1\pcb4\test\bad\094.JPG,1,0.17799855768680573
mvtec_pcb4,D:\STUDY\My_github\sci_project\data\patchcore_closeout\visa_s0_k1\pcb4\test\bad\095.JPG,1,0.30227428674697876
mvtec_pcb4,D:\STUDY\My_github\sci_project\data\patchcore_closeout\visa_s0_k1\pcb4\test\bad\096.JPG,1,0.19819097220897675
mvtec_pcb4,D:\STUDY\My_github\sci_project\data\patchcore_closeout\visa_s0_k1\pcb4\test\bad\097.JPG,1,0.15818367898464203
mvtec_pcb4,D:\STUDY\My_github\sci_project\data\patchcore_closeout\visa_s0_k1\pcb4\test\bad\098.JPG,1,0.126868337392807
mvtec_pcb4,D:\STUDY\My_github\sci_project\data\patchcore_closeout\visa_s0_k1\pcb4\test\bad\099.JPG,1,0.46053510904312134
mvtec_pcb4,D:\STUDY\My_github\sci_project\data\patchcore_closeout\visa_s0_k1\pcb4\test\good\0011.JPG,0,0.05492791905999184
mvtec_pcb4,D:\STUDY\My_github\sci_project\data\patchcore_closeout\visa_s0_k1\pcb4\test\good\0013.JPG,0,0.23502714931964874
mvtec_pcb4,D:\STUDY\My_github\sci_project\data\patchcore_closeout\visa_s0_k1\pcb4\test\good\0016.JPG,0,0.17057740688323975
mvtec_pcb4,D:\STUDY\My_github\sci_project\data\patchcore_closeout\visa_s0_k1\pcb4\test\good\0024.JPG,0,0.05519017204642296
mvtec_pcb4,D:\STUDY\My_github\sci_project\data\patchcore_closeout\visa_s0_k1\pcb4\test\good\0026.JPG,0,0.15420763194561005
mvtec_pcb4,D:\STUDY\My_github\sci_project\data\patchcore_closeout\visa_s0_k1\pcb4\test\good\0027.JPG,0,0.048490073531866074
mvtec_pcb4,D:\STUDY\My_github\sci_project\data\patchcore_closeout\visa_s0_k1\pcb4\test\good\0046.JPG,0,0.09959623217582703
mvtec_pcb4,D:\STUDY\My_github\sci_project\data\patchcore_closeout\visa_s0_k1\pcb4\test\good\0100.JPG,0,0.11053288727998734
mvtec_pcb4,D:\STUDY\My_github\sci_project\data\patchcore_closeout\visa_s0_k1\pcb4\test\good\0107.JPG,0,0.10142555832862854
mvtec_pcb4,D:\STUDY\My_github\sci_project\data\patchcore_closeout\visa_s0_k1\pcb4\test\good\0159.JPG,0,0.13131023943424225
mvtec_pcb4,D:\STUDY\My_github\sci_project\data\patchcore_closeout\visa_s0_k1\pcb4\test\good\0168.JPG,0,0.05952763557434082
mvtec_pcb4,D:\STUDY\My_github\sci_project\data\patchcore_closeout\visa_s0_k1\pcb4\test\good\0170.JPG,0,0.07429308444261551
mvtec_pcb4,D:\STUDY\My_github\sci_project\data\patchcore_closeout\visa_s0_k1\pcb4\test\good\0172.JPG,0,0.03195924684405327
mvtec_pcb4,D:\STUDY\My_github\sci_project\data\patchcore_closeout\visa_s0_k1\pcb4\test\good\0174.JPG,0,0.09803415089845657
mvtec_pcb4,D:\STUDY\My_github\sci_project\data\patchcore_closeout\visa_s0_k1\pcb4\test\good\0178.JPG,0,0.040475767105817795
mvtec_pcb4,D:\STUDY\My_github\sci_project\data\patchcore_closeout\visa_s0_k1\pcb4\test\good\0187.JPG,0,0.07674665749073029
mvtec_pcb4,D:\STUDY\My_github\sci_project\data\patchcore_closeout\visa_s0_k1\pcb4\test\good\0196.JPG,0,0.11254233121871948
mvtec_pcb4,D:\STUDY\My_github\sci_project\data\patchcore_closeout\visa_s0_k1\pcb4\test\good\0208.JPG,0,0.19693191349506378
mvtec_pcb4,D:\STUDY\My_github\sci_project\data\patchcore_closeout\visa_s0_k1\pcb4\test\good\0214.JPG,0,0.11764661222696304
mvtec_pcb4,D:\STUDY\My_github\sci_project\data\patchcore_closeout\visa_s0_k1\pcb4\test\good\0215.JPG,0,0.11420972645282745
mvtec_pcb4,D:\STUDY\My_github\sci_project\data\patchcore_closeout\visa_s0_k1\pcb4\test\good\0237.JPG,0,0.20947201550006866
mvtec_pcb4,D:\STUDY\My_github\sci_project\data\patchcore_closeout\visa_s0_k1\pcb4\test\good\0261.JPG,0,0.09015859663486481
mvtec_pcb4,D:\STUDY\My_github\sci_project\data\patchcore_closeout\visa_s0_k1\pcb4\test\good\0286.JPG,0,0.07796083390712738
mvtec_pcb4,D:\STUDY\My_github\sci_project\data\patchcore_closeout\visa_s0_k1\pcb4\test\good\0294.JPG,0,0.17848141491413116
mvtec_pcb4,D:\STUDY\My_github\sci_project\data\patchcore_closeout\visa_s0_k1\pcb4\test\good\0297.JPG,0,0.12214512377977371
mvtec_pcb4,D:\STUDY\My_github\sci_project\data\patchcore_closeout\visa_s0_k1\pcb4\test\good\0303.JPG,0,0.07604966312646866
mvtec_pcb4,D:\STUDY\My_github\sci_project\data\patchcore_closeout\visa_s0_k1\pcb4\test\good\0306.JPG,0,0.09435173124074936
mvtec_pcb4,D:\STUDY\My_github\sci_project\data\patchcore_closeout\visa_s0_k1\pcb4\test\good\0320.JPG,0,0.2152307629585266
mvtec_pcb4,D:\STUDY\My_github\sci_project\data\patchcore_closeout\visa_s0_k1\pcb4\test\good\0333.JPG,0,0.24550236761569977
mvtec_pcb4,D:\STUDY\My_github\sci_project\data\patchcore_closeout\visa_s0_k1\pcb4\test\good\0363.JPG,0,0.005439284723252058
mvtec_pcb4,D:\STUDY\My_github\sci_project\data\patchcore_closeout\visa_s0_k1\pcb4\test\good\0377.JPG,0,0.10553596913814545
mvtec_pcb4,D:\STUDY\My_github\sci_project\data\patchcore_closeout\visa_s0_k1\pcb4\test\good\0394.JPG,0,0.132750004529953
mvtec_pcb4,D:\STUDY\My_github\sci_project\data\patchcore_closeout\visa_s0_k1\pcb4\test\good\0400.JPG,0,0.14930781722068787
mvtec_pcb4,D:\STUDY\My_github\sci_project\data\patchcore_closeout\visa_s0_k1\pcb4\test\good\0402.JPG,0,0.05436234176158905
mvtec_pcb4,D:\STUDY\My_github\sci_project\data\patchcore_closeout\visa_s0_k1\pcb4\test\good\0417.JPG,0,0.044073402881622314
mvtec_pcb4,D:\STUDY\My_github\sci_project\data\patchcore_closeout\visa_s0_k1\pcb4\test\good\0423.JPG,0,0.13238917291164398
mvtec_pcb4,D:\STUDY\My_github\sci_project\data\patchcore_closeout\visa_s0_k1\pcb4\test\good\0427.JPG,0,0.08369376510381699
mvtec_pcb4,D:\STUDY\My_github\sci_project\data\patchcore_closeout\visa_s0_k1\pcb4\test\good\0457.JPG,0,0.1366298347711563
mvtec_pcb4,D:\STUDY\My_github\sci_project\data\patchcore_closeout\visa_s0_k1\pcb4\test\good\0469.JPG,0,0.1306079626083374
mvtec_pcb4,D:\STUDY\My_github\sci_project\data\patchcore_closeout\visa_s0_k1\pcb4\test\good\0479.JPG,0,0.06710690259933472
mvtec_pcb4,D:\STUDY\My_github\sci_project\data\patchcore_closeout\visa_s0_k1\pcb4\test\good\0483.JPG,0,0.07877429574728012
mvtec_pcb4,D:\STUDY\My_github\sci_project\data\patchcore_closeout\visa_s0_k1\pcb4\test\good\0484.JPG,0,0.013687684200704098
mvtec_pcb4,D:\STUDY\My_github\sci_project\data\patchcore_closeout\visa_s0_k1\pcb4\test\good\0488.JPG,0,0.10944221168756485
mvtec_pcb4,D:\STUDY\My_github\sci_project\data\patchcore_closeout\visa_s0_k1\pcb4\test\good\0490.JPG,0,0.06002574414014816
mvtec_pcb4,D:\STUDY\My_github\sci_project\data\patchcore_closeout\visa_s0_k1\pcb4\test\good\0514.JPG,0,0.12859617173671722
mvtec_pcb4,D:\STUDY\My_github\sci_project\data\patchcore_closeout\visa_s0_k1\pcb4\test\good\0518.JPG,0,0.06248107925057411
mvtec_pcb4,D:\STUDY\My_github\sci_project\data\patchcore_closeout\visa_s0_k1\pcb4\test\good\0520.JPG,0,0.04859098419547081
mvtec_pcb4,D:\STUDY\My_github\sci_project\data\patchcore_closeout\visa_s0_k1\pcb4\test\good\0525.JPG,0,0.031266942620277405
mvtec_pcb4,D:\STUDY\My_github\sci_project\data\patchcore_closeout\visa_s0_k1\pcb4\test\good\0545.JPG,0,0.06322149187326431
mvtec_pcb4,D:\STUDY\My_github\sci_project\data\patchcore_closeout\visa_s0_k1\pcb4\test\good\0552.JPG,0,0.06456386297941208
mvtec_pcb4,D:\STUDY\My_github\sci_project\data\patchcore_closeout\visa_s0_k1\pcb4\test\good\0569.JPG,0,0.06536176800727844
mvtec_pcb4,D:\STUDY\My_github\sci_project\data\patchcore_closeout\visa_s0_k1\pcb4\test\good\0615.JPG,0,0.04239837825298309
mvtec_pcb4,D:\STUDY\My_github\sci_project\data\patchcore_closeout\visa_s0_k1\pcb4\test\good\0617.JPG,0,0.11153614521026611
mvtec_pcb4,D:\STUDY\My_github\sci_project\data\patchcore_closeout\visa_s0_k1\pcb4\test\good\0619.JPG,0,0.054731372743844986
mvtec_pcb4,D:\STUDY\My_github\sci_project\data\patchcore_closeout\visa_s0_k1\pcb4\test\good\0621.JPG,0,0.12527544796466827
mvtec_pcb4,D:\STUDY\My_github\sci_project\data\patchcore_closeout\visa_s0_k1\pcb4\test\good\0629.JPG,0,0.1805243045091629
mvtec_pcb4,D:\STUDY\My_github\sci_project\data\patchcore_closeout\visa_s0_k1\pcb4\test\good\0631.JPG,0,0.11202897131443024
mvtec_pcb4,D:\STUDY\My_github\sci_project\data\patchcore_closeout\visa_s0_k1\pcb4\test\good\0648.JPG,0,0.07414934784173965
mvtec_pcb4,D:\STUDY\My_github\sci_project\data\patchcore_closeout\visa_s0_k1\pcb4\test\good\0654.JPG,0,0.04425527900457382
mvtec_pcb4,D:\STUDY\My_github\sci_project\data\patchcore_closeout\visa_s0_k1\pcb4\test\good\0657.JPG,0,0.02358294650912285
mvtec_pcb4,D:\STUDY\My_github\sci_project\data\patchcore_closeout\visa_s0_k1\pcb4\test\good\0659.JPG,0,0.07362131774425507
mvtec_pcb4,D:\STUDY\My_github\sci_project\data\patchcore_closeout\visa_s0_k1\pcb4\test\good\0674.JPG,0,0.04861269146203995
mvtec_pcb4,D:\STUDY\My_github\sci_project\data\patchcore_closeout\visa_s0_k1\pcb4\test\good\0684.JPG,0,0.03728705644607544
mvtec_pcb4,D:\STUDY\My_github\sci_project\data\patchcore_closeout\visa_s0_k1\pcb4\test\good\0685.JPG,0,0.0
mvtec_pcb4,D:\STUDY\My_github\sci_project\data\patchcore_closeout\visa_s0_k1\pcb4\test\good\0688.JPG,0,0.16440708935260773
mvtec_pcb4,D:\STUDY\My_github\sci_project\data\patchcore_closeout\visa_s0_k1\pcb4\test\good\0690.JPG,0,0.25016075372695923
mvtec_pcb4,D:\STUDY\My_github\sci_project\data\patchcore_closeout\visa_s0_k1\pcb4\test\good\0694.JPG,0,0.32535502314567566
mvtec_pcb4,D:\STUDY\My_github\sci_project\data\patchcore_closeout\visa_s0_k1\pcb4\test\good\0705.JPG,0,0.027630582451820374
mvtec_pcb4,D:\STUDY\My_github\sci_project\data\patchcore_closeout\visa_s0_k1\pcb4\test\good\0725.JPG,0,0.11107910424470901
mvtec_pcb4,D:\STUDY\My_github\sci_project\data\patchcore_closeout\visa_s0_k1\pcb4\test\good\0730.JPG,0,0.022821703925728798
mvtec_pcb4,D:\STUDY\My_github\sci_project\data\patchcore_closeout\visa_s0_k1\pcb4\test\good\0735.JPG,0,0.027276216074824333
mvtec_pcb4,D:\STUDY\My_github\sci_project\data\patchcore_closeout\visa_s0_k1\pcb4\test\good\0739.JPG,0,0.04429282993078232
mvtec_pcb4,D:\STUDY\My_github\sci_project\data\patchcore_closeout\visa_s0_k1\pcb4\test\good\0751.JPG,0,0.10535116493701935
mvtec_pcb4,D:\STUDY\My_github\sci_project\data\patchcore_closeout\visa_s0_k1\pcb4\test\good\0755.JPG,0,0.04410508647561073
mvtec_pcb4,D:\STUDY\My_github\sci_project\data\patchcore_closeout\visa_s0_k1\pcb4\test\good\0764.JPG,0,0.12796781957149506
mvtec_pcb4,D:\STUDY\My_github\sci_project\data\patchcore_closeout\visa_s0_k1\pcb4\test\good\0768.JPG,0,0.05113843083381653
mvtec_pcb4,D:\STUDY\My_github\sci_project\data\patchcore_closeout\visa_s0_k1\pcb4\test\good\0779.JPG,0,0.07750643789768219
mvtec_pcb4,D:\STUDY\My_github\sci_project\data\patchcore_closeout\visa_s0_k1\pcb4\test\good\0784.JPG,0,0.02663671411573887
mvtec_pcb4,D:\STUDY\My_github\sci_project\data\patchcore_closeout\visa_s0_k1\pcb4\test\good\0796.JPG,0,0.025903046131134033
mvtec_pcb4,D:\STUDY\My_github\sci_project\data\patchcore_closeout\visa_s0_k1\pcb4\test\good\0797.JPG,0,0.15018081665039062
mvtec_pcb4,D:\STUDY\My_github\sci_project\data\patchcore_closeout\visa_s0_k1\pcb4\test\good\0800.JPG,0,0.09477180987596512
mvtec_pcb4,D:\STUDY\My_github\sci_project\data\patchcore_closeout\visa_s0_k1\pcb4\test\good\0804.JPG,0,0.08884263038635254
mvtec_pcb4,D:\STUDY\My_github\sci_project\data\patchcore_closeout\visa_s0_k1\pcb4\test\good\0811.JPG,0,0.13074935972690582
mvtec_pcb4,D:\STUDY\My_github\sci_project\data\patchcore_closeout\visa_s0_k1\pcb4\test\good\0844.JPG,0,0.011425373144447803
mvtec_pcb4,D:\STUDY\My_github\sci_project\data\patchcore_closeout\visa_s0_k1\pcb4\test\good\0869.JPG,0,0.06962120532989502
mvtec_pcb4,D:\STUDY\My_github\sci_project\data\patchcore_closeout\visa_s0_k1\pcb4\test\good\0871.JPG,0,0.20060230791568756
mvtec_pcb4,D:\STUDY\My_github\sci_project\data\patchcore_closeout\visa_s0_k1\pcb4\test\good\0892.JPG,0,0.049605973064899445
mvtec_pcb4,D:\STUDY\My_github\sci_project\data\patchcore_closeout\visa_s0_k1\pcb4\test\good\0900.JPG,0,0.15226243436336517
mvtec_pcb4,D:\STUDY\My_github\sci_project\data\patchcore_closeout\visa_s0_k1\pcb4\test\good\0920.JPG,0,0.07860737293958664
mvtec_pcb4,D:\STUDY\My_github\sci_project\data\patchcore_closeout\visa_s0_k1\pcb4\test\good\0923.JPG,0,0.13328595459461212
mvtec_pcb4,D:\STUDY\My_github\sci_project\data\patchcore_closeout\visa_s0_k1\pcb4\test\good\0935.JPG,0,0.10321792215108871
mvtec_pcb4,D:\STUDY\My_github\sci_project\data\patchcore_closeout\visa_s0_k1\pcb4\test\good\0940.JPG,0,0.0833963081240654
mvtec_pcb4,D:\STUDY\My_github\sci_project\data\patchcore_closeout\visa_s0_k1\pcb4\test\good\0952.JPG,0,0.3599626123905182
mvtec_pcb4,D:\STUDY\My_github\sci_project\data\patchcore_closeout\visa_s0_k1\pcb4\test\good\0957.JPG,0,0.199045792222023
mvtec_pcb4,D:\STUDY\My_github\sci_project\data\patchcore_closeout\visa_s0_k1\pcb4\test\good\0964.JPG,0,0.10426811873912811
mvtec_pcb4,D:\STUDY\My_github\sci_project\data\patchcore_closeout\visa_s0_k1\pcb4\test\good\0971.JPG,0,0.0791092962026596
mvtec_pcb4,D:\STUDY\My_github\sci_project\data\patchcore_closeout\visa_s0_k1\pcb4\test\good\0974.JPG,0,0.21528327465057373
mvtec_pcb4,D:\STUDY\My_github\sci_project\data\patchcore_closeout\visa_s0_k1\pcb4\test\good\0977.JPG,0,0.26487985253334045
mvtec_pcb4,D:\STUDY\My_github\sci_project\data\patchcore_closeout\visa_s0_k1\pcb4\test\good\0990.JPG,0,0.22308284044265747
mvtec_pcb4,D:\STUDY\My_github\sci_project\data\patchcore_closeout\visa_s0_k1\pcb4\test\good\0994.JPG,0,0.16201336681842804
mvtec_pcb4,D:\STUDY\My_github\sci_project\data\patchcore_closeout\visa_s0_k1\pcb4\test\good\1001.JPG,0,0.13744798302650452
mvtec_pipe_fryum,D:\STUDY\My_github\sci_project\data\patchcore_closeout\visa_s0_k1\pipe_fryum\test\bad\000.JPG,1,0.5291396975517273
mvtec_pipe_fryum,D:\STUDY\My_github\sci_project\data\patchcore_closeout\visa_s0_k1\pipe_fryum\test\bad\001.JPG,1,0.22611162066459656
mvtec_pipe_fryum,D:\STUDY\My_github\sci_project\data\patchcore_closeout\visa_s0_k1\pipe_fryum\test\bad\002.JPG,1,0.48737090826034546
mvtec_pipe_fryum,D:\STUDY\My_github\sci_project\data\patchcore_closeout\visa_s0_k1\pipe_fryum\test\bad\003.JPG,1,0.35317617654800415
mvtec_pipe_fryum,D:\STUDY\My_github\sci_project\data\patchcore_closeout\visa_s0_k1\pipe_fryum\test\bad\004.JPG,1,0.11277177929878235
mvtec_pipe_fryum,D:\STUDY\My_github\sci_project\data\patchcore_closeout\visa_s0_k1\pipe_fryum\test\bad\005.JPG,1,0.34640899300575256
mvtec_pipe_fryum,D:\STUDY\My_github\sci_project\data\patchcore_closeout\visa_s0_k1\pipe_fryum\test\bad\006.JPG,1,0.16884547472000122
mvtec_pipe_fryum,D:\STUDY\My_github\sci_project\data\patchcore_closeout\visa_s0_k1\pipe_fryum\test\bad\007.JPG,1,0.11979057639837265
mvtec_pipe_fryum,D:\STUDY\My_github\sci_project\data\patchcore_closeout\visa_s0_k1\pipe_fryum\test\bad\008.JPG,1,0.4083126187324524
mvtec_pipe_fryum,D:\STUDY\My_github\sci_project\data\patchcore_closeout\visa_s0_k1\pipe_fryum\test\bad\009.JPG,1,0.46894022822380066
mvtec_pipe_fryum,D:\STUDY\My_github\sci_project\data\patchcore_closeout\visa_s0_k1\pipe_fryum\test\bad\010.JPG,1,0.47755083441734314
mvtec_pipe_fryum,D:\STUDY\My_github\sci_project\data\patchcore_closeout\visa_s0_k1\pipe_fryum\test\bad\011.JPG,1,0.3699970543384552
mvtec_pipe_fryum,D:\STUDY\My_github\sci_project\data\patchcore_closeout\visa_s0_k1\pipe_fryum\test\bad\012.JPG,1,0.5542776584625244
mvtec_pipe_fryum,D:\STUDY\My_github\sci_project\data\patchcore_closeout\visa_s0_k1\pipe_fryum\test\bad\013.JPG,1,0.376521497964859
mvtec_pipe_fryum,D:\STUDY\My_github\sci_project\data\patchcore_closeout\visa_s0_k1\pipe_fryum\test\bad\014.JPG,1,0.3346426486968994
mvtec_pipe_fryum,D:\STUDY\My_github\sci_project\data\patchcore_closeout\visa_s0_k1\pipe_fryum\test\bad\015.JPG,1,0.3336958885192871
mvtec_pipe_fryum,D:\STUDY\My_github\sci_project\data\patchcore_closeout\visa_s0_k1\pipe_fryum\test\bad\016.JPG,1,0.3549878001213074
mvtec_pipe_fryum,D:\STUDY\My_github\sci_project\data\patchcore_closeout\visa_s0_k1\pipe_fryum\test\bad\017.JPG,1,0.13528990745544434
mvtec_pipe_fryum,D:\STUDY\My_github\sci_project\data\patchcore_closeout\visa_s0_k1\pipe_fryum\test\bad\018.JPG,1,0.12412240356206894
mvtec_pipe_fryum,D:\STUDY\My_github\sci_project\data\patchcore_closeout\visa_s0_k1\pipe_fryum\test\bad\019.JPG,1,0.531699538230896
mvtec_pipe_fryum,D:\STUDY\My_github\sci_project\data\patchcore_closeout\visa_s0_k1\pipe_fryum\test\bad\020.JPG,1,0.0965975970029831
mvtec_pipe_fryum,D:\STUDY\My_github\sci_project\data\patchcore_closeout\visa_s0_k1\pipe_fryum\test\bad\021.JPG,1,0.46002432703971863
mvtec_pipe_fryum,D:\STUDY\My_github\sci_project\data\patchcore_closeout\visa_s0_k1\pipe_fryum\test\bad\022.JPG,1,0.29867497086524963
mvtec_pipe_fryum,D:\STUDY\My_github\sci_project\data\patchcore_closeout\visa_s0_k1\pipe_fryum\test\bad\023.JPG,1,0.2107839435338974
mvtec_pipe_fryum,D:\STUDY\My_github\sci_project\data\patchcore_closeout\visa_s0_k1\pipe_fryum\test\bad\024.JPG,1,0.4583083689212799
mvtec_pipe_fryum,D:\STUDY\My_github\sci_project\data\patchcore_closeout\visa_s0_k1\pipe_fryum\test\bad\025.JPG,1,0.47808417677879333
mvtec_pipe_fryum,D:\STUDY\My_github\sci_project\data\patchcore_closeout\visa_s0_k1\pipe_fryum\test\bad\026.JPG,1,0.5784186720848083
mvtec_pipe_fryum,D:\STUDY\My_github\sci_project\data\patchcore_closeout\visa_s0_k1\pipe_fryum\test\bad\027.JPG,1,0.22753699123859406
mvtec_pipe_fryum,D:\STUDY\My_github\sci_project\data\patchcore_closeout\visa_s0_k1\pipe_fryum\test\bad\028.JPG,1,0.19790540635585785
mvtec_pipe_fryum,D:\STUDY\My_github\sci_project\data\patchcore_closeout\visa_s0_k1\pipe_fryum\test\bad\029.JPG,1,0.27068331837654114
mvtec_pipe_fryum,D:\STUDY\My_github\sci_project\data\patchcore_closeout\visa_s0_k1\pipe_fryum\test\bad\030.JPG,1,0.606573760509491
mvtec_pipe_fryum,D:\STUDY\My_github\sci_project\data\patchcore_closeout\visa_s0_k1\pipe_fryum\test\bad\031.JPG,1,0.6153085231781006
mvtec_pipe_fryum,D:\STUDY\My_github\sci_project\data\patchcore_closeout\visa_s0_k1\pipe_fryum\test\bad\032.JPG,1,0.4478989243507385
mvtec_pipe_fryum,D:\STUDY\My_github\sci_project\data\patchcore_closeout\visa_s0_k1\pipe_fryum\test\bad\033.JPG,1,0.22749210894107819
mvtec_pipe_fryum,D:\STUDY\My_github\sci_project\data\patchcore_closeout\visa_s0_k1\pipe_fryum\test\bad\034.JPG,1,0.46533697843551636
mvtec_pipe_fryum,D:\STUDY\My_github\sci_project\data\patchcore_closeout\visa_s0_k1\pipe_fryum\test\bad\035.JPG,1,0.4593481719493866
mvtec_pipe_fryum,D:\STUDY\My_github\sci_project\data\patchcore_closeout\visa_s0_k1\pipe_fryum\test\bad\036.JPG,1,0.3659626543521881
mvtec_pipe_fryum,D:\STUDY\My_github\sci_project\data\patchcore_closeout\visa_s0_k1\pipe_fryum\test\bad\037.JPG,1,0.5369522571563721
mvtec_pipe_fryum,D:\STUDY\My_github\sci_project\data\patchcore_closeout\visa_s0_k1\pipe_fryum\test\bad\038.JPG,1,0.2175118327140808
mvtec_pipe_fryum,D:\STUDY\My_github\sci_project\data\patchcore_closeout\visa_s0_k1\pipe_fryum\test\bad\039.JPG,1,0.5050356984138489
mvtec_pipe_fryum,D:\STUDY\My_github\sci_project\data\patchcore_closeout\visa_s0_k1\pipe_fryum\test\bad\040.JPG,1,0.9077175259590149
mvtec_pipe_fryum,D:\STUDY\My_github\sci_project\data\patchcore_closeout\visa_s0_k1\pipe_fryum\test\bad\041.JPG,1,1.0
mvtec_pipe_fryum,D:\STUDY\My_github\sci_project\data\patchcore_closeout\visa_s0_k1\pipe_fryum\test\bad\042.JPG,1,0.7661967277526855
mvtec_pipe_fryum,D:\STUDY\My_github\sci_project\data\patchcore_closeout\visa_s0_k1\pipe_fryum\test\bad\043.JPG,1,0.6225101351737976
mvtec_pipe_fryum,D:\STUDY\My_github\sci_project\data\patchcore_closeout\visa_s0_k1\pipe_fryum\test\bad\044.JPG,1,0.7657793164253235
mvtec_pipe_fryum,D:\STUDY\My_github\sci_project\data\patchcore_closeout\visa_s0_k1\pipe_fryum\test\bad\045.JPG,1,0.723127007484436
mvtec_pipe_fryum,D:\STUDY\My_github\sci_project\data\patchcore_closeout\visa_s0_k1\pipe_fryum\test\bad\046.JPG,1,0.8511953353881836
mvtec_pipe_fryum,D:\STUDY\My_github\sci_project\data\patchcore_closeout\visa_s0_k1\pipe_fryum\test\bad\047.JPG,1,0.693215012550354
mvtec_pipe_fryum,D:\STUDY\My_github\sci_project\data\patchcore_closeout\visa_s0_k1\pipe_fryum\test\bad\048.JPG,1,0.807587742805481
mvtec_pipe_fryum,D:\STUDY\My_github\sci_project\data\patchcore_closeout\visa_s0_k1\pipe_fryum\test\bad\049.JPG,1,0.7461369037628174
mvtec_pipe_fryum,D:\STUDY\My_github\sci_project\data\patchcore_closeout\visa_s0_k1\pipe_fryum\test\bad\050.JPG,1,0.1792123168706894
mvtec_pipe_fryum,D:\STUDY\My_github\sci_project\data\patchcore_closeout\visa_s0_k1\pipe_fryum\test\bad\051.JPG,1,0.2229437381029129
mvtec_pipe_fryum,D:\STUDY\My_github\sci_project\data\patchcore_closeout\visa_s0_k1\pipe_fryum\test\bad\052.JPG,1,0.2880273759365082
mvtec_pipe_fryum,D:\STUDY\My_github\sci_project\data\patchcore_closeout\visa_s0_k1\pipe_fryum\test\bad\053.JPG,1,0.09991879016160965
mvtec_pipe_fryum,D:\STUDY\My_github\sci_project\data\patchcore_closeout\visa_s0_k1\pipe_fryum\test\bad\054.JPG,1,0.1661958545446396
mvtec_pipe_fryum,D:\STUDY\My_github\sci_project\data\patchcore_closeout\visa_s0_k1\pipe_fryum\test\bad\055.JPG,1,0.2838321328163147
mvtec_pipe_fryum,D:\STUDY\My_github\sci_project\data\patchcore_closeout\visa_s0_k1\pipe_fryum\test\bad\056.JPG,1,0.204347625374794
mvtec_pipe_fryum,D:\STUDY\My_github\sci_project\data\patchcore_closeout\visa_s0_k1\pipe_fryum\test\bad\057.JPG,1,0.43728309869766235
mvtec_pipe_fryum,D:\STUDY\My_github\sci_project\data\patchcore_closeout\visa_s0_k1\pipe_fryum\test\bad\058.JPG,1,0.2705562114715576
mvtec_pipe_fryum,D:\STUDY\My_github\sci_project\data\patchcore_closeout\visa_s0_k1\pipe_fryum\test\bad\059.JPG,1,0.24952703714370728
mvtec_pipe_fryum,D:\STUDY\My_github\sci_project\data\patchcore_closeout\visa_s0_k1\pipe_fryum\test\bad\060.JPG,1,0.5303515195846558
mvtec_pipe_fryum,D:\STUDY\My_github\sci_project\data\patchcore_closeout\visa_s0_k1\pipe_fryum\test\bad\061.JPG,1,0.3491247594356537
mvtec_pipe_fryum,D:\STUDY\My_github\sci_project\data\patchcore_closeout\visa_s0_k1\pipe_fryum\test\bad\062.JPG,1,0.2942392826080322
mvtec_pipe_fryum,D:\STUDY\My_github\sci_project\data\patchcore_closeout\visa_s0_k1\pipe_fryum\test\bad\063.JPG,1,0.11727920174598694
mvtec_pipe_fryum,D:\STUDY\My_github\sci_project\data\patchcore_closeout\visa_s0_k1\pipe_fryum\test\bad\064.JPG,1,0.43389376997947693
mvtec_pipe_fryum,D:\STUDY\My_github\sci_project\data\patchcore_closeout\visa_s0_k1\pipe_fryum\test\bad\065.JPG,1,0.4322148263454437
mvtec_pipe_fryum,D:\STUDY\My_github\sci_project\data\patchcore_closeout\visa_s0_k1\pipe_fryum\test\bad\066.JPG,1,0.42961469292640686
mvtec_pipe_fryum,D:\STUDY\My_github\sci_project\data\patchcore_closeout\visa_s0_k1\pipe_fryum\test\bad\067.JPG,1,0.3587053716182709
mvtec_pipe_fryum,D:\STUDY\My_github\sci_project\data\patchcore_closeout\visa_s0_k1\pipe_fryum\test\bad\068.JPG,1,0.3973079323768616
mvtec_pipe_fryum,D:\STUDY\My_github\sci_project\data\patchcore_closeout\visa_s0_k1\pipe_fryum\test\bad\069.JPG,1,0.17524805665016174
mvtec_pipe_fryum,D:\STUDY\My_github\sci_project\data\patchcore_closeout\visa_s0_k1\pipe_fryum\test\bad\070.JPG,1,0.31373170018196106
mvtec_pipe_fryum,D:\STUDY\My_github\sci_project\data\patchcore_closeout\visa_s0_k1\pipe_fryum\test\bad\071.JPG,1,0.37762778997421265
mvtec_pipe_fryum,D:\STUDY\My_github\sci_project\data\patchcore_closeout\visa_s0_k1\pipe_fryum\test\bad\072.JPG,1,0.12276123464107513
mvtec_pipe_fryum,D:\STUDY\My_github\sci_project\data\patchcore_closeout\visa_s0_k1\pipe_fryum\test\bad\073.JPG,1,0.14431098103523254
mvtec_pipe_fryum,D:\STUDY\My_github\sci_project\data\patchcore_closeout\visa_s0_k1\pipe_fryum\test\bad\074.JPG,1,0.16832131147384644
mvtec_pipe_fryum,D:\STUDY\My_github\sci_project\data\patchcore_closeout\visa_s0_k1\pipe_fryum\test\bad\075.JPG,1,0.13022327423095703
mvtec_pipe_fryum,D:\STUDY\My_github\sci_project\data\patchcore_closeout\visa_s0_k1\pipe_fryum\test\bad\076.JPG,1,0.16519275307655334
mvtec_pipe_fryum,D:\STUDY\My_github\sci_project\data\patchcore_closeout\visa_s0_k1\pipe_fryum\test\bad\077.JPG,1,0.25164300203323364
mvtec_pipe_fryum,D:\STUDY\My_github\sci_project\data\patchcore_closeout\visa_s0_k1\pipe_fryum\test\bad\078.JPG,1,0.21100212633609772
mvtec_pipe_fryum,D:\STUDY\My_github\sci_project\data\patchcore_closeout\visa_s0_k1\pipe_fryum\test\bad\079.JPG,1,0.4031752049922943
mvtec_pipe_fryum,D:\STUDY\My_github\sci_project\data\patchcore_closeout\visa_s0_k1\pipe_fryum\test\bad\080.JPG,1,0.16793736815452576
mvtec_pipe_fryum,D:\STUDY\My_github\sci_project\data\patchcore_closeout\visa_s0_k1\pipe_fryum\test\bad\081.JPG,1,0.2886422574520111
mvtec_pipe_fryum,D:\STUDY\My_github\sci_project\data\patchcore_closeout\visa_s0_k1\pipe_fryum\test\bad\082.JPG,1,0.12664851546287537
mvtec_pipe_fryum,D:\STUDY\My_github\sci_project\data\patchcore_closeout\visa_s0_k1\pipe_fryum\test\bad\083.JPG,1,0.26706957817077637
mvtec_pipe_fryum,D:\STUDY\My_github\sci_project\data\patchcore_closeout\visa_s0_k1\pipe_fryum\test\bad\084.JPG,1,0.32669347524642944
mvtec_pipe_fryum,D:\STUDY\My_github\sci_project\data\patchcore_closeout\visa_s0_k1\pipe_fryum\test\bad\085.JPG,1,0.14909423887729645
mvtec_pipe_fryum,D:\STUDY\My_github\sci_project\data\patchcore_closeout\visa_s0_k1\pipe_fryum\test\bad\086.JPG,1,0.3038601875305176
mvtec_pipe_fryum,D:\STUDY\My_github\sci_project\data\patchcore_closeout\visa_s0_k1\pipe_fryum\test\bad\087.JPG,1,0.17417091131210327
mvtec_pipe_fryum,D:\STUDY\My_github\sci_project\data\patchcore_closeout\visa_s0_k1\pipe_fryum\test\bad\088.JPG,1,0.2667757272720337
mvtec_pipe_fryum,D:\STUDY\My_github\sci_project\data\patchcore_closeout\visa_s0_k1\pipe_fryum\test\bad\089.JPG,1,0.13452038168907166
mvtec_pipe_fryum,D:\STUDY\My_github\sci_project\data\patchcore_closeout\visa_s0_k1\pipe_fryum\test\bad\090.JPG,1,0.794502854347229
mvtec_pipe_fryum,D:\STUDY\My_github\sci_project\data\patchcore_closeout\visa_s0_k1\pipe_fryum\test\bad\091.JPG,1,0.5921955108642578
mvtec_pipe_fryum,D:\STUDY\My_github\sci_project\data\patchcore_closeout\visa_s0_k1\pipe_fryum\test\bad\092.JPG,1,0.5371232628822327
mvtec_pipe_fryum,D:\STUDY\My_github\sci_project\data\patchcore_closeout\visa_s0_k1\pipe_fryum\test\bad\093.JPG,1,0.9497215151786804
mvtec_pipe_fryum,D:\STUDY\My_github\sci_project\data\patchcore_closeout\visa_s0_k1\pipe_fryum\test\bad\094.JPG,1,0.7881012558937073
mvtec_pipe_fryum,D:\STUDY\My_github\sci_project\data\patchcore_closeout\visa_s0_k1\pipe_fryum\test\bad\095.JPG,1,0.8340141177177429
mvtec_pipe_fryum,D:\STUDY\My_github\sci_project\data\patchcore_closeout\visa_s0_k1\pipe_fryum\test\bad\096.JPG,1,0.7353336811065674
mvtec_pipe_fryum,D:\STUDY\My_github\sci_project\data\patchcore_closeout\visa_s0_k1\pipe_fryum\test\bad\097.JPG,1,0.5354865789413452
mvtec_pipe_fryum,D:\STUDY\My_github\sci_project\data\patchcore_closeout\visa_s0_k1\pipe_fryum\test\bad\098.JPG,1,0.7832842469215393
mvtec_pipe_fryum,D:\STUDY\My_github\sci_project\data\patchcore_closeout\visa_s0_k1\pipe_fryum\test\bad\099.JPG,1,0.48768770694732666
mvtec_pipe_fryum,D:\STUDY\My_github\sci_project\data\patchcore_closeout\visa_s0_k1\pipe_fryum\test\good\006.JPG,0,0.1649952083826065
mvtec_pipe_fryum,D:\STUDY\My_github\sci_project\data\patchcore_closeout\visa_s0_k1\pipe_fryum\test\good\012.JPG,0,0.07973021268844604
mvtec_pipe_fryum,D:\STUDY\My_github\sci_project\data\patchcore_closeout\visa_s0_k1\pipe_fryum\test\good\013.JPG,0,0.04139237105846405
mvtec_pipe_fryum,D:\STUDY\My_github\sci_project\data\patchcore_closeout\visa_s0_k1\pipe_fryum\test\good\023.JPG,0,0.10883601009845734
mvtec_pipe_fryum,D:\STUDY\My_github\sci_project\data\patchcore_closeout\visa_s0_k1\pipe_fryum\test\good\050.JPG,0,0.14235948026180267
mvtec_pipe_fryum,D:\STUDY\My_github\sci_project\data\patchcore_closeout\visa_s0_k1\pipe_fryum\test\good\084.JPG,0,0.12231963127851486
mvtec_pipe_fryum,D:\STUDY\My_github\sci_project\data\patchcore_closeout\visa_s0_k1\pipe_fryum\test\good\087.JPG,0,0.15815101563930511
mvtec_pipe_fryum,D:\STUDY\My_github\sci_project\data\patchcore_closeout\visa_s0_k1\pipe_fryum\test\good\089.JPG,0,0.0025713189970701933
mvtec_pipe_fryum,D:\STUDY\My_github\sci_project\data\patchcore_closeout\visa_s0_k1\pipe_fryum\test\good\093.JPG,0,0.15935102105140686
mvtec_pipe_fryum,D:\STUDY\My_github\sci_project\data\patchcore_closeout\visa_s0_k1\pipe_fryum\test\good\098.JPG,0,0.09859529137611389
mvtec_pipe_fryum,D:\STUDY\My_github\sci_project\data\patchcore_closeout\visa_s0_k1\pipe_fryum\test\good\104.JPG,0,0.028263214975595474
mvtec_pipe_fryum,D:\STUDY\My_github\sci_project\data\patchcore_closeout\visa_s0_k1\pipe_fryum\test\good\130.JPG,0,0.1095731109380722
mvtec_pipe_fryum,D:\STUDY\My_github\sci_project\data\patchcore_closeout\visa_s0_k1\pipe_fryum\test\good\143.JPG,0,0.18741963803768158
mvtec_pipe_fryum,D:\STUDY\My_github\sci_project\data\patchcore_closeout\visa_s0_k1\pipe_fryum\test\good\148.JPG,0,0.22859317064285278
mvtec_pipe_fryum,D:\STUDY\My_github\sci_project\data\patchcore_closeout\visa_s0_k1\pipe_fryum\test\good\166.JPG,0,0.23943667113780975
mvtec_pipe_fryum,D:\STUDY\My_github\sci_project\data\patchcore_closeout\visa_s0_k1\pipe_fryum\test\good\181.JPG,0,0.13709694147109985
mvtec_pipe_fryum,D:\STUDY\My_github\sci_project\data\patchcore_closeout\visa_s0_k1\pipe_fryum\test\good\213.JPG,0,0.1722574084997177
mvtec_pipe_fryum,D:\STUDY\My_github\sci_project\data\patchcore_closeout\visa_s0_k1\pipe_fryum\test\good\228.JPG,0,0.19640140235424042
mvtec_pipe_fryum,D:\STUDY\My_github\sci_project\data\patchcore_closeout\visa_s0_k1\pipe_fryum\test\good\239.JPG,0,0.1515263319015503
mvtec_pipe_fryum,D:\STUDY\My_github\sci_project\data\patchcore_closeout\visa_s0_k1\pipe_fryum\test\good\244.JPG,0,0.043082449585199356
mvtec_pipe_fryum,D:\STUDY\My_github\sci_project\data\patchcore_closeout\visa_s0_k1\pipe_fryum\test\good\245.JPG,0,0.1350989192724228
mvtec_pipe_fryum,D:\STUDY\My_github\sci_project\data\patchcore_closeout\visa_s0_k1\pipe_fryum\test\good\260.JPG,0,0.2922864556312561
mvtec_pipe_fryum,D:\STUDY\My_github\sci_project\data\patchcore_closeout\visa_s0_k1\pipe_fryum\test\good\272.JPG,0,0.18488402664661407
mvtec_pipe_fryum,D:\STUDY\My_github\sci_project\data\patchcore_closeout\visa_s0_k1\pipe_fryum\test\good\276.JPG,0,0.13859865069389343
mvtec_pipe_fryum,D:\STUDY\My_github\sci_project\data\patchcore_closeout\visa_s0_k1\pipe_fryum\test\good\284.JPG,0,0.020347457379102707
mvtec_pipe_fryum,D:\STUDY\My_github\sci_project\data\patchcore_closeout\visa_s0_k1\pipe_fryum\test\good\307.JPG,0,0.17740069329738617
mvtec_pipe_fryum,D:\STUDY\My_github\sci_project\data\patchcore_closeout\visa_s0_k1\pipe_fryum\test\good\309.JPG,0,0.14954271912574768
mvtec_pipe_fryum,D:\STUDY\My_github\sci_project\data\patchcore_closeout\visa_s0_k1\pipe_fryum\test\good\324.JPG,0,0.20496514439582825
mvtec_pipe_fryum,D:\STUDY\My_github\sci_project\data\patchcore_closeout\visa_s0_k1\pipe_fryum\test\good\337.JPG,0,0.175215944647789
mvtec_pipe_fryum,D:\STUDY\My_github\sci_project\data\patchcore_closeout\visa_s0_k1\pipe_fryum\test\good\342.JPG,0,0.15169799327850342
mvtec_pipe_fryum,D:\STUDY\My_github\sci_project\data\patchcore_closeout\visa_s0_k1\pipe_fryum\test\good\344.JPG,0,0.0
mvtec_pipe_fryum,D:\STUDY\My_github\sci_project\data\patchcore_closeout\visa_s0_k1\pipe_fryum\test\good\352.JPG,0,0.3170689642429352
mvtec_pipe_fryum,D:\STUDY\My_github\sci_project\data\patchcore_closeout\visa_s0_k1\pipe_fryum\test\good\367.JPG,0,0.047926973551511765
mvtec_pipe_fryum,D:\STUDY\My_github\sci_project\data\patchcore_closeout\visa_s0_k1\pipe_fryum\test\good\369.JPG,0,0.05741159990429878
mvtec_pipe_fryum,D:\STUDY\My_github\sci_project\data\patchcore_closeout\visa_s0_k1\pipe_fryum\test\good\377.JPG,0,0.14378386735916138
mvtec_pipe_fryum,D:\STUDY\My_github\sci_project\data\patchcore_closeout\visa_s0_k1\pipe_fryum\test\good\384.JPG,0,0.22109510004520416
mvtec_pipe_fryum,D:\STUDY\My_github\sci_project\data\patchcore_closeout\visa_s0_k1\pipe_fryum\test\good\389.JPG,0,0.20623131096363068
mvtec_pipe_fryum,D:\STUDY\My_github\sci_project\data\patchcore_closeout\visa_s0_k1\pipe_fryum\test\good\392.JPG,0,0.03435555845499039
mvtec_pipe_fryum,D:\STUDY\My_github\sci_project\data\patchcore_closeout\visa_s0_k1\pipe_fryum\test\good\398.JPG,0,0.062083806842565536
mvtec_pipe_fryum,D:\STUDY\My_github\sci_project\data\patchcore_closeout\visa_s0_k1\pipe_fryum\test\good\400.JPG,0,0.056644365191459656
mvtec_pipe_fryum,D:\STUDY\My_github\sci_project\data\patchcore_closeout\visa_s0_k1\pipe_fryum\test\good\402.JPG,0,0.15222837030887604
mvtec_pipe_fryum,D:\STUDY\My_github\sci_project\data\patchcore_closeout\visa_s0_k1\pipe_fryum\test\good\405.JPG,0,0.19723808765411377
mvtec_pipe_fryum,D:\STUDY\My_github\sci_project\data\patchcore_closeout\visa_s0_k1\pipe_fryum\test\good\435.JPG,0,0.2581336796283722
mvtec_pipe_fryum,D:\STUDY\My_github\sci_project\data\patchcore_closeout\visa_s0_k1\pipe_fryum\test\good\446.JPG,0,0.14178945124149323
mvtec_pipe_fryum,D:\STUDY\My_github\sci_project\data\patchcore_closeout\visa_s0_k1\pipe_fryum\test\good\460.JPG,0,0.1029631569981575
mvtec_pipe_fryum,D:\STUDY\My_github\sci_project\data\patchcore_closeout\visa_s0_k1\pipe_fryum\test\good\461.JPG,0,0.060777999460697174
mvtec_pipe_fryum,D:\STUDY\My_github\sci_project\data\patchcore_closeout\visa_s0_k1\pipe_fryum\test\good\467.JPG,0,0.14305561780929565
mvtec_pipe_fryum,D:\STUDY\My_github\sci_project\data\patchcore_closeout\visa_s0_k1\pipe_fryum\test\good\482.JPG,0,0.11272329837083817
mvtec_pipe_fryum,D:\STUDY\My_github\sci_project\data\patchcore_closeout\visa_s0_k1\pipe_fryum\test\good\484.JPG,0,0.12134076654911041
mvtec_pipe_fryum,D:\STUDY\My_github\sci_project\data\patchcore_closeout\visa_s0_k1\pipe_fryum\test\good\487.JPG,0,0.09926457703113556
