method,image_index,sample_id,image_label,region,grid,boundary_count,patch_count,mean,p05,p25,median,p75,p95,min,max
A1_G,0,01/test/ko/0000.bmp,1,abnormal_normal,32x32,116,795,0.006095027736147994,0.0,0.00038444995880126953,0.0029386579990386963,0.009408161044120789,0.021219250559806817,0.0,0.1362324059009552
A1_G,0,01/test/ko/0000.bmp,1,defect,32x32,116,229,0.01413550933896194,0.002001279592514038,0.007382094860076904,0.012761235237121582,0.018903464078903198,0.03226259946823119,2.8342008590698242e-05,0.047933340072631836
A1_G,0,01/test/ko/0000.bmp,1,clean_defect,32x32,116,113,0.01636457759722144,0.003025835752487183,0.010500967502593994,0.01597854495048523,0.02101302146911621,0.03610826730728149,0.0006639957427978516,0.047933340072631836
A1_G,0,01/test/ko/0000.bmp,1,boundary,32x32,116,116,0.011964089397726387,0.0016654431819915771,0.006233252584934235,0.010695353150367737,0.014762736856937408,0.02681669592857361,2.8342008590698242e-05,0.04363393783569336
A1_G,1,01/test/ko/0001.bmp,1,abnormal_normal,32x32,74,875,0.006702718462262835,0.0,0.00079326331615448,0.003828078508377075,0.010594964027404785,0.02136315107345581,0.0,0.062103450298309326
A1_G,1,01/test/ko/0001.bmp,1,defect,32x32,74,149,0.013675436677548709,0.0007485985755920411,0.006041198968887329,0.01287388801574707,0.01950657367706299,0.029240947961807245,0.0,0.04754376411437988
A1_G,1,01/test/ko/0001.bmp,1,clean_defect,32x32,74,75,0.016868340174357097,0.004137200117111206,0.010910451412200928,0.016823917627334595,0.02208535373210907,0.030120712518692014,0.002615690231323242,0.04490521550178528
A1_G,1,01/test/ko/0001.bmp,1,boundary,32x32,74,74,0.010439385836188858,5.6138634681701695e-05,0.0040016770362854,0.008116528391838074,0.0151933953166008,0.02512241154909134,0.0,0.04754376411437988
A1_G,2,01/test/ko/0002.bmp,1,abnormal_normal,32x32,61,948,0.004715587267895791,0.0,0.0002898573875427246,0.00190792977809906,0.007325433194637299,0.017503479123115537,0.0,0.060716867446899414
A1_G,2,01/test/ko/0002.bmp,1,defect,32x32,61,76,0.00955455985508467,0.001104213297367096,0.004046522080898285,0.008686825633049011,0.0127519890666008,0.02080141007900238,0.0,0.0323961079120636
A1_G,2,01/test/ko/0002.bmp,1,clean_defect,32x32,61,15,0.012395230929056804,0.004754441976547241,0.007249921560287476,0.011168211698532104,0.015287160873413086,0.023232272267341602,0.0025683939456939697,0.030033349990844727
A1_G,2,01/test/ko/0002.bmp,1,boundary,32x32,61,61,0.008856034181157097,0.0010032951831817627,0.0039009451866149902,0.008032470941543579,0.012326031923294067,0.020617961883544922,0.0,0.0323961079120636
A1_G,3,01/test/ko/0003.bmp,1,abnormal_normal,32x32,8,1016,0.005371534888903926,0.0,0.00040556490421295166,0.002323821187019348,0.008028432726860046,0.019421473145484924,0.0,0.05342090129852295
A1_G,3,01/test/ko/0003.bmp,1,defect,32x32,8,8,0.008179590106010437,0.0006706133484840394,0.0022453442215919495,0.005044072866439819,0.011199608445167542,0.022440847754478445,0.0001876354217529297,0.02753177285194397
A1_G,3,01/test/ko/0003.bmp,1,clean_defect,32x32,8,0,,,,,,,,
A1_G,3,01/test/ko/0003.bmp,1,boundary,32x32,8,8,0.008179590106010437,0.0006706133484840394,0.0022453442215919495,0.005044072866439819,0.011199608445167542,0.022440847754478445,0.0001876354217529297,0.02753177285194397
A1_G,4,01/test/ko/0004.bmp,1,abnormal_normal,32x32,31,986,0.005566423127907527,0.0,0.0002552047371864319,0.002595752477645874,0.008786603808403015,0.019271060824394226,0.0,0.04725682735443115
A1_G,4,01/test/ko/0004.bmp,1,defect,32x32,31,38,0.010513095479262503,0.0005518823862075806,0.0035436972975730896,0.006374821066856384,0.013811834156513214,0.03855154663324356,0.0,0.04057064652442932
A1_G,4,01/test/ko/0004.bmp,1,clean_defect,32x32,31,7,0.008547438042504447,0.0006674319505691529,0.0032766610383987427,0.004418671131134033,0.009905010461807251,0.024556708335876455,0.0,0.029050052165985107
A1_G,4,01/test/ko/0004.bmp,1,boundary,32x32,31,31,0.010956953610143354,0.0006777048110961914,0.003733500838279724,0.007735848426818848,0.01373802125453949,0.039310023188591,0.0,0.04057064652442932
A1_G,5,01/test/ko/0005.bmp,1,abnormal_normal,32x32,64,903,0.006390006604252728,0.0,0.000478893518447876,0.003400057554244995,0.00990760326385498,0.021894994378089894,0.0,0.057389914989471436
A1_G,5,01/test/ko/0005.bmp,1,defect,32x32,64,121,0.010501173163248488,0.000746309757232666,0.0055654048919677734,0.009568452835083008,0.014157235622406006,0.024269908666610718,0.0,0.03753131628036499
A1_G,5,01/test/ko/0005.bmp,1,clean_defect,32x32,64,57,0.011730738899164032,0.002768105268478394,0.00808417797088623,0.011500447988510132,0.01525387167930603,0.021673268079757682,0.00014483928680419922,0.02580156922340393
A1_G,5,01/test/ko/0005.bmp,1,boundary,32x32,64,64,0.009406091179698706,0.0005083233118057251,0.0032871291041374207,0.0076847076416015625,0.01289154589176178,0.02475536614656448,0.0,0.03753131628036499
A1_G,6,01/test/ko/0006.bmp,1,abnormal_normal,32x32,70,880,0.006538032232360406,0.0,0.0006457865238189697,0.0038703978061676025,0.01030762493610382,0.020803745090961456,0.0,0.05095228552818298
A1_G,6,01/test/ko/0006.bmp,1,defect,32x32,70,144,0.01378305753072103,0.0,0.005927145481109619,0.011207714676856995,0.019862256944179535,0.03350545912981033,0.0,0.053434133529663086
A1_G,6,01/test/ko/0006.bmp,1,clean_defect,32x32,70,74,0.017624624274872446,0.0031740084290504456,0.009279824793338776,0.013996660709381104,0.02566700428724289,0.03781678229570388,0.0,0.053434133529663086
A1_G,6,01/test/ko/0006.bmp,1,boundary,32x32,70,70,0.009721972686903817,0.0,0.0012138709425926208,0.008146405220031738,0.014482691884040833,0.02929734736680984,0.0,0.032511115074157715
A1_G,7,01/test/ko/0007.bmp,1,abnormal_normal,32x32,61,924,0.006346656872338547,0.0,0.0007482841610908508,0.003535225987434387,0.009887456893920898,0.02073826044797897,0.0,0.0424649715423584
A1_G,7,01/test/ko/0007.bmp,1,defect,32x32,61,100,0.00995148628950119,0.0,0.003487043082714081,0.008559167385101318,0.014365077018737793,0.025834664702415466,0.0,0.043282777070999146
A1_G,7,01/test/ko/0007.bmp,1,clean_defect,32x32,61,39,0.010451305371064406,0.0,0.0032673180103302,0.008928626775741577,0.014414027333259583,0.027212417125701906,0.0,0.043282777070999146
A1_G,7,01/test/ko/0007.bmp,1,boundary,32x32,61,61,0.00963192982751815,7.066130638122559e-05,0.00352400541305542,0.00775030255317688,0.014357924461364746,0.02432313561439514,0.0,0.028259873390197754
A1_G,8,01/test/ko/0008.bmp,1,abnormal_normal,32x32,67,896,0.006926351160343204,0.0,0.0007430464029312134,0.003908306360244751,0.01126004010438919,0.02288535237312317,0.0,0.05993729829788208
A1_G,8,01/test/ko/0008.bmp,1,defect,32x32,67,128,0.011862200684845448,0.0009607613086700445,0.006165511906147003,0.012113690376281738,0.016244210302829742,0.023462317883968353,0.0,0.03066268563270569
A1_G,8,01/test/ko/0008.bmp,1,clean_defect,32x32,67,61,0.014360105893650993,0.004003077745437622,0.009933233261108398,0.014205694198608398,0.019197940826416016,0.02743220329284668,0.0,0.03066268563270569
A1_G,8,01/test/ko/0008.bmp,1,boundary,32x32,67,67,0.009587988479813533,0.00012113451957702646,0.0048330724239349365,0.009024500846862793,0.013868823647499084,0.019617822766304017,0.0,0.025639981031417847
A1_G,9,01/test/ko/0009.bmp,1,abnormal_normal,32x32,24,994,0.0054806526937715,0.0,0.00025294721126556396,0.0024959295988082886,0.008769631385803223,0.02009929120540617,0.0,0.05295222997665405
A1_G,9,01/test/ko/0009.bmp,1,defect,32x32,24,30,0.008827583988507588,0.0011345937848091126,0.005104750394821167,0.0064988285303115845,0.012501776218414307,0.02011202871799467,0.0007669329643249512,0.028569549322128296
A1_G,9,01/test/ko/0009.bmp,1,clean_defect,32x32,24,6,0.0049618979295094805,0.0018158182501792908,0.004145510494709015,0.004451721906661987,0.005271308124065399,0.009041167795658112,0.0010407567024230957,0.010239243507385254
A1_G,9,01/test/ko/0009.bmp,1,boundary,32x32,24,24,0.009794005503257116,0.0013978108763694765,0.005584262311458588,0.007973343133926392,0.013740934431552887,0.02222627103328703,0.0007669329643249512,0.028569549322128296
A1_G,10,01/test/ko/0010.bmp,1,abnormal_normal,32x32,141,753,0.006443835389249987,0.0,0.0007742345333099365,0.0035119354724884033,0.009645313024520874,0.021090149879455566,0.0,0.04844546318054199
A1_G,10,01/test/ko/0010.bmp,1,defect,32x32,141,271,0.011170003906827132,0.00089302659034729,0.005173549056053162,0.009444981813430786,0.014858007431030273,0.025176018476486206,0.0,0.05308130383491516
A1_G,10,01/test/ko/0010.bmp,1,clean_defect,32x32,141,130,0.011656425090936513,0.0019798755645751955,0.006035447120666504,0.010268449783325195,0.014747470617294312,0.024966777861118315,0.0,0.05308130383491516
A1_G,10,01/test/ko/0010.bmp,1,boundary,32x32,141,141,0.010721530474669545,0.0006264448165893555,0.004512012004852295,0.009229540824890137,0.014909416437149048,0.024807095527648926,0.0,0.04164111614227295
A1_G,11,01/test/ko/0011.bmp,1,abnormal_normal,32x32,19,1001,0.004548385605350003,0.0,0.00019037723541259766,0.002023667097091675,0.007169544696807861,0.01623094081878662,0.0,0.03552645444869995
A1_G,11,01/test/ko/0011.bmp,1,defect,32x32,19,23,0.007757129876509956,0.0015453755855560304,0.002837628126144409,0.006419241428375244,0.01046396791934967,0.018970921635627743,0.0010186731815338135,0.022979050874710083
A1_G,11,01/test/ko/0011.bmp,1,clean_defect,32x32,19,4,0.0026290789246559143,0.0010893896222114563,0.0013722553849220276,0.002088874578475952,0.003345698118209839,0.004925054311752318,0.0010186731815338135,0.0053198933601379395
A1_G,11,01/test/ko/0011.bmp,1,boundary,32x32,19,19,0.008836719550584493,0.002171725034713745,0.0039517879486083984,0.0075225830078125,0.011345997452735901,0.019660648703575128,0.002042710781097412,0.022979050874710083
A1_G,12,01/test/ko/0012.bmp,1,abnormal_normal,32x32,40,958,0.0060459340539506185,0.0,0.0006645172834396362,0.003302633762359619,0.009121552109718323,0.020617552101612088,0.0,0.0750451385974884
A1_G,12,01/test/ko/0012.bmp,1,defect,32x32,40,66,0.008776649832725525,0.0008569583296775818,0.0026645883917808533,0.006719678640365601,0.013446420431137085,0.021799162030220032,0.00010523200035095215,0.0255068838596344
A1_G,12,01/test/ko/0012.bmp,1,clean_defect,32x32,40,26,0.010015287078343905,0.0009295642375946045,0.005066707730293274,0.0076551735401153564,0.01576506346464157,0.021799162030220032,0.00010523200035095215,0.02500864863395691
A1_G,12,01/test/ko/0012.bmp,1,boundary,32x32,40,40,0.007971535623073577,0.00112532377243042,0.0021232813596725464,0.005858063697814941,0.012525558471679688,0.02066024988889693,0.00022161006927490234,0.0255068838596344
A1_G,13,01/test/ko/0013.bmp,1,abnormal_normal,32x32,46,964,0.00550464046075631,0.0,0.0003575235605239868,0.0025420337915420532,0.008438393473625183,0.018970493972301477,0.0,0.0508747398853302
A1_G,13,01/test/ko/0013.bmp,1,defect,32x32,46,60,0.008403607209523519,0.0,0.003540731966495514,0.007560238242149353,0.013117723166942596,0.01911988854408264,0.0,0.02648031711578369
A1_G,13,01/test/ko/0013.bmp,1,clean_defect,32x32,46,14,0.006500784839902606,0.0002708911895751953,0.0038061216473579407,0.005702182650566101,0.009567081928253174,0.012131553888320922,0.0,0.01331484317779541
A1_G,13,01/test/ko/0013.bmp,1,boundary,32x32,46,46,0.008982727061147276,0.0,0.0029057860374450684,0.008879423141479492,0.013612702488899231,0.019412368535995483,0.0,0.02648031711578369
A1_G,14,01/test/ko/0014.bmp,1,abnormal_normal,32x32,116,805,0.006130793005783366,0.0,0.0006718933582305908,0.0028142333030700684,0.009053647518157959,0.02185051441192626,0.0,0.04722702503204346
A1_G,14,01/test/ko/0014.bmp,1,defect,32x32,116,219,0.012471060230307383,0.0009753644466400147,0.00601525604724884,0.011503159999847412,0.01772649586200714,0.027897167205810546,0.0,0.04603978991508484
A1_G,14,01/test/ko/0014.bmp,1,clean_defect,32x32,116,103,0.015001101979931581,0.0025521457195281983,0.008206978440284729,0.014239847660064697,0.019826948642730713,0.03139665126800535,0.001216113567352295,0.04603978991508484
A1_G,14,01/test/ko/0014.bmp,1,boundary,32x32,116,116,0.010224557642279,0.0003520846366882324,0.004331067204475403,0.009613037109375,0.013948686420917511,0.02497962862253189,0.0,0.03218120336532593
A1_G,15,01/test/ko/0015.bmp,1,abnormal_normal,32x32,98,836,0.006874029823182302,0.0,0.000643610954284668,0.0038078278303146362,0.011232510209083557,0.02280406653881073,0.0,0.0432494580745697
A1_G,15,01/test/ko/0015.bmp,1,defect,32x32,98,188,0.01292811191462456,0.0003636181354522705,0.00589665025472641,0.010499715805053711,0.018327146768569946,0.03260182142257691,0.0,0.05388638377189636
A1_G,15,01/test/ko/0015.bmp,1,clean_defect,32x32,98,90,0.01396037737528483,0.0033796757459640505,0.007078595459461212,0.012681037187576294,0.019380927085876465,0.029040139913558957,0.0010842978954315186,0.03412353992462158
A1_G,15,01/test/ko/0015.bmp,1,boundary,32x32,98,98,0.011980113022181452,0.0,0.0030323490500450134,0.008890077471733093,0.016080498695373535,0.03753623068332672,0.0,0.05388638377189636
A1_G,16,01/test/ko/0016.bmp,1,abnormal_normal,32x32,69,824,0.007057184190715401,0.0,0.0007094815373420715,0.003854304552078247,0.010848380625247955,0.023153066635131832,0.0,0.05293038487434387
A1_G,16,01/test/ko/0016.bmp,1,defect,32x32,69,200,0.014674494117498398,0.002334557473659516,0.007278509438037872,0.012648656964302063,0.02048112452030182,0.03270131647586822,0.0,0.056084662675857544
A1_G,16,01/test/ko/0016.bmp,1,clean_defect,32x32,69,131,0.016459408379693067,0.0038922876119613647,0.007850617170333862,0.014607071876525879,0.02274659276008606,0.03494618833065033,0.0018237829208374023,0.056084662675857544
A1_G,16,01/test/ko/0016.bmp,1,boundary,32x32,69,69,0.011285743851592575,0.0010225951671600344,0.004724234342575073,0.009633660316467285,0.015165448188781738,0.027196890115737903,0.0,0.032509446144104004
A1_G,17,01/test/ko/0017.bmp,1,abnormal_normal,32x32,18,993,0.0061230211699717235,0.0,0.0006074607372283936,0.0036485493183135986,0.009641438722610474,0.02046589255332946,0.0,0.06790506839752197
A1_G,17,01/test/ko/0017.bmp,1,defect,32x32,18,31,0.012619014709226547,0.002934560179710388,0.00800660252571106,0.012390285730361938,0.0171801894903183,0.022674545645713806,0.001620858907699585,0.027540147304534912
A1_G,17,01/test/ko/0017.bmp,1,clean_defect,32x32,18,13,0.016170627795732938,0.003275209665298462,0.014168500900268555,0.01618140935897827,0.020127177238464355,0.025198560953140253,0.002307325601577759,0.027540147304534912
A1_G,17,01/test/ko/0017.bmp,1,boundary,32x32,18,18,0.010053960813416375,0.003270654380321503,0.006429001688957214,0.009916990995407104,0.012373484671115875,0.017856395244598387,0.001620858907699585,0.018364250659942627
A1_G,18,01/test/ko/0018.bmp,1,abnormal_normal,32x32,35,980,0.005066772352676003,0.0,0.0003373250365257263,0.00234772264957428,0.007541656494140625,0.0184739664196968,0.0,0.054597407579422
A1_G,18,01/test/ko/0018.bmp,1,defect,32x32,35,44,0.011258590627800335,0.005114169418811798,0.008217602968215942,0.010946214199066162,0.013982705771923065,0.01965166926383972,0.0008525848388671875,0.023527532815933228
A1_G,18,01/test/ko/0018.bmp,1,clean_defect,32x32,35,9,0.01203996605343289,0.008468753099441529,0.009382784366607666,0.011027038097381592,0.01432257890701294,0.018292164802551268,0.008318871259689331,0.01970154047012329
A1_G,18,01/test/ko/0018.bmp,1,boundary,32x32,35,35,0.011057665518351963,0.004684233665466309,0.007755830883979797,0.010865390300750732,0.013634219765663147,0.01978676617145538,0.0008525848388671875,0.023527532815933228
A1_G,19,01/test/ko/0019.bmp,1,abnormal_normal,32x32,8,1012,0.005572730726875336,0.0,0.0004717633128166199,0.00280587375164032,0.00883878767490387,0.018776541948318463,0.0,0.04282650351524353
A1_G,19,01/test/ko/0019.bmp,1,defect,32x32,8,12,0.011800296604633331,0.0039809256792068485,0.009933754801750183,0.012420058250427246,0.013720229268074036,0.01867769807577133,0.0028106868267059326,0.019257932901382446
A1_G,19,01/test/ko/0019.bmp,1,clean_defect,32x32,8,4,0.011629618704319,0.005665804445743561,0.008575446903705597,0.011161074042320251,0.014215245842933655,0.018249395489692684,0.004938393831253052,0.019257932901382446
A1_G,19,01/test/ko/0019.bmp,1,boundary,32x32,8,8,0.011885635554790497,0.005320788919925689,0.01131758838891983,0.012420058250427246,0.013720229268074036,0.016658052802085873,0.0028106868267059326,0.01820296049118042
A1_G,20,01/test/ko/0020.bmp,1,abnormal_normal,32x32,23,990,0.00618451607949806,0.0,0.0005635470151901245,0.0033903568983078003,0.009736426174640656,0.020520137250423426,0.0,0.0416797399520874
A1_G,20,01/test/ko/0020.bmp,1,defect,32x32,23,34,0.011034073198542875,0.0,0.0034827440977096558,0.00992940366268158,0.016464821994304657,0.03342776000499725,0.0,0.03490772843360901
A1_G,20,01/test/ko/0020.bmp,1,clean_defect,32x32,23,11,0.011721025813709606,0.0003889799118041992,0.006780445575714111,0.011064410209655762,0.01585608720779419,0.024892061948776245,0.0,0.03301209211349487
A1_G,20,01/test/ko/0020.bmp,1,boundary,32x32,23,23,0.010705530643463135,2.4437904357910177e-05,0.0030622482299804688,0.009418666362762451,0.01649022102355957,0.0328338176012039,0.0,0.03490772843360901
A1_G,21,01/test/ko/0021.bmp,1,abnormal_normal,32x32,53,966,0.0049124311648046995,0.0,0.0002994537353515625,0.0019363611936569214,0.0071744248270988464,0.019445963203907013,0.0,0.05635574460029602
A1_G,21,01/test/ko/0021.bmp,1,defect,32x32,53,58,0.004096385733834629,0.0,0.0002860650420188904,0.000817224383354187,0.006180614233016968,0.013173690438270566,0.0,0.029152989387512207
A1_G,21,01/test/ko/0021.bmp,1,clean_defect,32x32,53,5,0.008206015825271607,0.0031982183456420897,0.0071413516998291016,0.009538352489471436,0.010660350322723389,0.011314141750335693,0.002212435007095337,0.01147758960723877
A1_G,21,01/test/ko/0021.bmp,1,boundary,32x32,53,53,0.003708684781812272,0.0,0.0002790987491607666,0.0007199347019195557,0.00496751070022583,0.0138321578502655,0.0,0.029152989387512207
A1_G,22,01/test/ko/0022.bmp,1,abnormal_normal,32x32,30,983,0.0065456592418170045,0.0,0.0006283670663833618,0.003419935703277588,0.010078802704811096,0.022038605809211728,0.0,0.06507542729377747
A1_G,22,01/test/ko/0022.bmp,1,defect,32x32,30,41,0.010722215582684772,0.0,0.0007607340812683105,0.008395135402679443,0.01820439100265503,0.02871525287628174,0.0,0.03422659635543823
A1_G,22,01/test/ko/0022.bmp,1,clean_defect,32x32,30,11,0.011887813156301325,0.0,0.0024221688508987427,0.009484469890594482,0.018702879548072815,0.028647541999816895,0.0,0.030143439769744873
A1_G,22,01/test/ko/0022.bmp,1,boundary,32x32,30,30,0.010294829805692038,0.0,0.0007955506443977356,0.007554799318313599,0.01805000752210617,0.02670592963695525,0.0,0.03422659635543823
A1_G,23,01/test/ko/0023.bmp,1,abnormal_normal,32x32,45,965,0.005109281150788223,0.0,0.00022268295288085938,0.0020170509815216064,0.007561326026916504,0.02063185572624204,0.0,0.041948407888412476
A1_G,23,01/test/ko/0023.bmp,1,defect,32x32,45,59,0.008751741405260765,0.00036838650703430187,0.0038824230432510376,0.0075879693031311035,0.011018142104148865,0.01992742121219633,0.0,0.04292348027229309
A1_G,23,01/test/ko/0023.bmp,1,clean_defect,32x32,45,14,0.016039345945630754,0.004006434977054597,0.009633250534534454,0.015441268682479858,0.01956118643283844,0.029942709207534782,0.0,0.04292348027229309
A1_G,23,01/test/ko/0023.bmp,1,boundary,32x32,45,45,0.006484486659367879,0.00040544867515563966,0.0035995543003082275,0.006750315427780151,0.009749501943588257,0.01204598546028137,3.7729740142822266e-05,0.014134496450424194
A1_G,24,01/test/ko/0024.bmp,1,abnormal_normal,32x32,71,874,0.0073352629314571,0.0,0.0007778927683830261,0.004386380314826965,0.011564314365386963,0.023353925347328185,0.0,0.04337340593338013
A1_G,24,01/test/ko/0024.bmp,1,defect,32x32,71,150,0.013271440068880718,0.0005957052111625671,0.005586102604866028,0.011882945895195007,0.01923457533121109,0.031741346418857536,0.0,0.04086291790008545
A1_G,24,01/test/ko/0024.bmp,1,clean_defect,32x32,71,79,0.014905479512637175,0.0015350818634033206,0.007768571376800537,0.01388627290725708,0.020694151520729065,0.033091953396797165,0.0,0.04086291790008545
A1_G,24,01/test/ko/0024.bmp,1,boundary,32x32,71,71,0.011453283504700996,0.0002533942461013794,0.005092337727546692,0.009116888046264648,0.01511867344379425,0.03010629117488861,0.0,0.04077869653701782
A1_G,25,01/test/ko/0025.bmp,1,abnormal_normal,32x32,34,980,0.006173361807453389,0.0,0.0005338788032531738,0.0033237040042877197,0.009610019624233246,0.020344293117523192,0.0,0.06618469953536987
A1_G,25,01/test/ko/0025.bmp,1,defect,32x32,34,44,0.013231844387271187,0.001611831784248352,0.005023002624511719,0.009435281157493591,0.016432039439678192,0.03817757070064545,0.0010601282119750977,0.05072072148323059
A1_G,25,01/test/ko/0025.bmp,1,clean_defect,32x32,34,10,0.013468465209007264,0.0042516812682151794,0.006169073283672333,0.010015040636062622,0.018319763243198395,0.0299151301383972,0.00378987193107605,0.03613576292991638
A1_G,25,01/test/ko/0025.bmp,1,boundary,32x32,34,34,0.013162250027937047,0.001362113654613495,0.004587195813655853,0.009435281157493591,0.01370372623205185,0.03960364758968352,0.0010601282119750977,0.05072072148323059
A1_G,26,01/test/ko/0026.bmp,1,abnormal_normal,32x32,14,1000,0.005732133060693741,0.0,0.00028145313262939453,0.0030752569437026978,0.00893346220254898,0.02007707506418228,0.0,0.08182531595230103
A1_G,26,01/test/ko/0026.bmp,1,defect,32x32,14,24,0.013213871667782465,0.00223158746957779,0.007056370377540588,0.011156171560287476,0.02142907679080963,0.024886755645275115,0.0,0.026337504386901855
A1_G,26,01/test/ko/0026.bmp,1,clean_defect,32x32,14,10,0.01243954598903656,0.00634898841381073,0.007441796362400055,0.01091320812702179,0.014930598437786102,0.02291392683982849,0.006001561880111694,0.023071587085723877
A1_G,26,01/test/ko/0026.bmp,1,boundary,32x32,14,14,0.013766961438315255,0.0011223271489143372,0.0068091824650764465,0.011824429035186768,0.022861957550048828,0.025424467027187345,0.0,0.026337504386901855
A1_G,27,01/test/ko/0028.bmp,1,abnormal_normal,32x32,81,855,0.007164132978483948,0.0,0.00017514824867248535,0.003926217555999756,0.011924982070922852,0.02341751158237457,0.0,0.05165213346481323
A1_G,27,01/test/ko/0028.bmp,1,defect,32x32,81,169,0.01445345748105698,0.001155686378479004,0.006696432828903198,0.013240456581115723,0.020198076963424683,0.03617201447486877,0.0,0.04716596007347107
A1_G,27,01/test/ko/0028.bmp,1,clean_defect,32x32,81,88,0.017186886207623917,0.003738655149936676,0.007921658456325531,0.014862418174743652,0.024043008685112,0.036627145111560816,0.003002852201461792,0.04716596007347107
A1_G,27,01/test/ko/0028.bmp,1,boundary,32x32,81,81,0.011483806518860806,0.0,0.00505983829498291,0.010744303464889526,0.016086935997009277,0.023421376943588257,0.0,0.04089170694351196
A1_G,28,01/test/ko/0029.bmp,1,abnormal_normal,32x32,45,949,0.005613105911349346,0.0,0.00041809678077697754,0.0027247965335845947,0.00880470871925354,0.01993526220321654,0.0,0.05157095193862915
A1_G,28,01/test/ko/0029.bmp,1,defect,32x32,45,75,0.01154312252998352,0.0005729377269744875,0.005224853754043579,0.009367763996124268,0.015515059232711792,0.027183026075363152,0.0,0.0513172447681427
A1_G,28,01/test/ko/0029.bmp,1,clean_defect,32x32,45,30,0.012127395470937092,0.001982483267784119,0.007862016558647156,0.011058315634727478,0.015864260494709015,0.025068384408950803,0.0,0.031790971755981445
A1_G,28,01/test/ko/0029.bmp,1,boundary,32x32,45,45,0.011153607236014471,0.00016974210739135757,0.004803985357284546,0.0075882673263549805,0.015509337186813354,0.028402686119079583,0.0,0.0513172447681427
A1_G,29,01/test/ko/0030.bmp,1,abnormal_normal,32x32,21,991,0.0051514417925468,0.0,0.0003870278596878052,0.00231856107711792,0.00744195282459259,0.018428951501846313,0.0,0.06896913051605225
A1_G,29,01/test/ko/0030.bmp,1,defect,32x32,21,33,0.008274450446620132,0.0,0.002387434244155884,0.007300615310668945,0.012345284223556519,0.022833907604217517,0.0,0.031047731637954712
A1_G,29,01/test/ko/0030.bmp,1,clean_defect,32x32,21,12,0.0055135563015937805,0.0,0.001899920403957367,0.0034726858139038086,0.005996786057949066,0.017370302975177762,0.0,0.01912444829940796
A1_G,29,01/test/ko/0030.bmp,1,boundary,32x32,21,21,0.009852104243778047,0.0,0.00252610445022583,0.010122716426849365,0.012580305337905884,0.028398096561431885,0.0,0.031047731637954712
A1_G,30,01/test/ko/0031.bmp,1,abnormal_normal,32x32,3,1019,0.003943856436324189,0.0,0.00030402839183807373,0.0014895200729370117,0.005425006151199341,0.016579395532608024,0.0,0.030535906553268433
A1_G,30,01/test/ko/0031.bmp,1,defect,32x32,3,5,0.005234742164611816,0.0005796253681182861,0.0022999346256256104,0.005092829465866089,0.008648902177810669,0.00971577763557434,0.00014954805374145508,0.009982496500015259
A1_G,30,01/test/ko/0031.bmp,1,clean_defect,32x32,3,2,0.00547441840171814,0.0026173830032348634,0.003887176513671875,0.00547441840171814,0.007061660289764404,0.008331453800201416,0.0022999346256256104,0.008648902177810669
A1_G,30,01/test/ko/0031.bmp,1,boundary,32x32,3,3,0.0050749580065409345,0.0006438761949539185,0.002621188759803772,0.005092829465866089,0.007537662982940674,0.009493529796600342,0.00014954805374145508,0.009982496500015259
A1_G,31,01/test/ko/0032.bmp,1,abnormal_normal,32x32,59,906,0.006565880959660275,1.3336539268493652e-06,0.0007585808634757996,0.0035032331943511963,0.010022811591625214,0.02253275364637375,0.0,0.054758310317993164
A1_G,31,01/test/ko/0032.bmp,1,defect,32x32,59,118,0.012466850169634416,0.00119437575340271,0.006626524031162262,0.011996224522590637,0.017556846141815186,0.025985291600227327,0.0,0.03796645998954773
A1_G,31,01/test/ko/0032.bmp,1,clean_defect,32x32,59,59,0.013845887729677103,0.0038720250129699713,0.008038759231567383,0.012767285108566284,0.01911298930644989,0.025818490982055645,0.0,0.0325893759727478
A1_G,31,01/test/ko/0032.bmp,1,boundary,32x32,59,59,0.011087812609591727,0.0009297490119934086,0.004324913024902344,0.009907782077789307,0.0169609934091568,0.024517142772674527,0.0,0.03796645998954773
A1_G,32,01/test/ko/0033.bmp,1,abnormal_normal,32x32,5,1018,0.0037508751238258978,0.0,9.950995445251465e-05,0.0012596845626831055,0.005268074572086334,0.015744586288928983,0.0,0.030202478170394897
A1_G,32,01/test/ko/0033.bmp,1,defect,32x32,5,6,0.004172772169113159,0.0007750615477561951,0.0033776313066482544,0.004765436053276062,0.0058263689279556274,0.006306737661361694,0.0,0.006410717964172363
A1_G,32,01/test/ko/0033.bmp,1,clean_defect,32x32,5,1,0.006410717964172363,0.006410717964172363,0.006410717964172363,0.006410717964172363,0.006410717964172363,0.006410717964172363,0.006410717964172363,0.006410717964172363
A1_G,32,01/test/ko/0033.bmp,1,boundary,32x32,5,5,0.003725183010101318,0.0006200492382049561,0.0031002461910247803,0.004209786653518677,0.005321085453033447,0.005860054492950439,0.0,0.0059947967529296875
A1_G,33,01/test/ko/0034.bmp,1,abnormal_normal,32x32,15,1003,0.004009855708714615,0.0,0.00021995604038238525,0.0016692876815795898,0.005820795893669128,0.015402087569236753,0.0,0.03450772166252136
A1_G,33,01/test/ko/0034.bmp,1,defect,32x32,15,21,0.006742210615248908,0.0,0.0036676526069641113,0.005989432334899902,0.008188456296920776,0.015202045440673828,0.0,0.02374979853630066
A1_G,33,01/test/ko/0034.bmp,1,clean_defect,32x32,15,6,0.008277341723442078,0.0042010098695755005,0.004609465599060059,0.005668386816978455,0.012458518147468567,0.015055254101753235,0.004146844148635864,0.015202045440673828
A1_G,33,01/test/ko/0034.bmp,1,boundary,32x32,15,15,0.006128158171971639,0.0,0.0018159747123718262,0.006060421466827393,0.007694438099861145,0.01609591841697692,0.0,0.02374979853630066
A1_G,34,01/test/ko/0035.bmp,1,abnormal_normal,32x32,39,946,0.006731143997033101,0.0,0.0006951615214347839,0.0033567845821380615,0.0110207200050354,0.021057426929473877,0.0,0.057008564472198486
A1_G,34,01/test/ko/0035.bmp,1,defect,32x32,39,78,0.012002747792464036,0.001826333999633789,0.006489500403404236,0.011690452694892883,0.016559161245822906,0.024493600428104393,0.0,0.032390087842941284
A1_G,34,01/test/ko/0035.bmp,1,clean_defect,32x32,39,39,0.012882342705359826,0.0030732184648513796,0.009410113096237183,0.012655764818191528,0.015815123915672302,0.024450835585594178,0.0018575191497802734,0.02776944637298584
A1_G,34,01/test/ko/0035.bmp,1,boundary,32x32,39,39,0.011123152879568247,0.001436591148376465,0.004736617207527161,0.007677257061004639,0.017379730939865112,0.02257851064205171,0.0,0.032390087842941284
A1_G,35,01/test/ko/0036.bmp,1,abnormal_normal,32x32,109,777,0.006434704537864204,0.0,0.0006912350654602051,0.003915905952453613,0.009514153003692627,0.021689093112945555,0.0,0.059969574213027954
A1_G,35,01/test/ko/0036.bmp,1,defect,32x32,109,247,0.012123539018244879,0.0004775524139404298,0.005049079656600952,0.011431634426116943,0.01712419092655182,0.028491118550300596,0.0,0.04655545949935913
A1_G,35,01/test/ko/0036.bmp,1,clean_defect,32x32,109,138,0.014245124182839325,0.0025377020239830015,0.007612898945808411,0.013004139065742493,0.01876615732908249,0.029952746629714973,0.0,0.04655545949935913
A1_G,35,01/test/ko/0036.bmp,1,boundary,32x32,109,109,0.009437495415363836,5.1748752593994184e-05,0.0035893917083740234,0.007491171360015869,0.012650519609451294,0.024496865272521953,0.0,0.03847968578338623
A1_G,36,01/test/ko/0037.bmp,1,abnormal_normal,32x32,69,914,0.005763933682076519,0.0,0.00048226118087768555,0.002829805016517639,0.009062595665454865,0.019863305985927556,0.0,0.044466495513916016
A1_G,36,01/test/ko/0037.bmp,1,defect,32x32,69,110,0.010024392333897677,0.0003744229674339294,0.0047763437032699585,0.009000450372695923,0.013681739568710327,0.023648828268051147,0.0,0.03992128372192383
A1_G,36,01/test/ko/0037.bmp,1,clean_defect,32x32,69,41,0.010623238435605677,0.002218276262283325,0.004765182733535767,0.00947791337966919,0.01396191120147705,0.02455770969390869,0.0,0.03992128372192383
A1_G,36,01/test/ko/0037.bmp,1,boundary,32x32,69,69,0.009668556244476982,0.00015776157379150405,0.004830151796340942,0.008877754211425781,0.013655543327331543,0.02271028161048888,0.0,0.027802348136901855
A1_G,37,01/test/ko/0038.bmp,1,abnormal_normal,32x32,12,1010,0.004514522068571336,0.0,0.00015663355588912964,0.0023586899042129517,0.006638124585151672,0.016946171224117262,0.0,0.04147350788116455
A1_G,37,01/test/ko/0038.bmp,1,defect,32x32,12,14,0.009456834622791834,0.0021146580576896666,0.004819080233573914,0.009259253740310669,0.009924285113811493,0.02265585064888,0.0017324388027191162,0.02980726957321167
A1_G,37,01/test/ko/0038.bmp,1,clean_defect,32x32,12,2,0.014373183250427246,0.010384470224380493,0.012157231569290161,0.014373183250427246,0.01658913493156433,0.018361896276474,0.009941279888153076,0.018805086612701416
A1_G,37,01/test/ko/0038.bmp,1,boundary,32x32,12,12,0.0086374431848526,0.002055855095386505,0.004407137632369995,0.007439136505126953,0.009641580283641815,0.020666132867336262,0.0017324388027191162,0.02980726957321167
A1_G,38,01/test/ko/0039.bmp,1,abnormal_normal,32x32,58,880,0.006718588857488199,0.0,0.0007843673229217529,0.003875717520713806,0.010635606944561005,0.022837096452713014,0.0,0.04714310169219971
A1_G,38,01/test/ko/0039.bmp,1,defect,32x32,58,144,0.012516889928115739,0.0005407556891441346,0.0059953778982162476,0.011079400777816772,0.017889410257339478,0.028372170031070704,0.0,0.04007077217102051
A1_G,38,01/test/ko/0039.bmp,1,clean_defect,32x32,58,86,0.014455590137215547,0.0017797723412513733,0.00841456651687622,0.01337096095085144,0.019532792270183563,0.029974132776260376,0.00029847025871276855,0.04007077217102051
A1_G,38,01/test/ko/0039.bmp,1,boundary,32x32,58,58,0.009642265480140159,0.00031389892101287844,0.0016042441129684448,0.007438868284225464,0.015035293996334076,0.026936656236648558,0.0,0.028563201427459717
A1_G,39,01/test/ko/0040.bmp,1,abnormal_normal,32x32,64,908,0.005337848570115765,0.0,0.00038480013608932495,0.0023920685052871704,0.008399084210395813,0.01868707090616226,0.0,0.046805232763290405
A1_G,39,01/test/ko/0040.bmp,1,defect,32x32,64,116,0.012096772163078702,0.002254396677017212,0.005146153271198273,0.01064792275428772,0.016590476036071777,0.027855142951011658,0.00024056434631347656,0.038413405418395996
A1_G,39,01/test/ko/0040.bmp,1,clean_defect,32x32,64,52,0.01556069403886795,0.005149511992931366,0.00937683880329132,0.013608589768409729,0.021931998431682587,0.028591188788414,0.00266343355178833,0.034168541431427
A1_G,39,01/test/ko/0040.bmp,1,boundary,32x32,64,64,0.009282335638999939,0.001996736228466034,0.0040004923939704895,0.006808847188949585,0.012119285762310028,0.024722284078598007,0.00024056434631347656,0.038413405418395996
A1_G,40,01/test/ko/0041.bmp,1,abnormal_normal,32x32,68,832,0.006825789164465208,0.0,0.0007255226373672485,0.0036898553371429443,0.010371826589107513,0.02288141995668411,0.0,0.0761389434337616
A1_G,40,01/test/ko/0041.bmp,1,defect,32x32,68,192,0.014668370597064495,0.0023532137274742126,0.009725064039230347,0.014458075165748596,0.019078731536865234,0.02819609344005583,0.0,0.043721020221710205
A1_G,40,01/test/ko/0041.bmp,1,clean_defect,32x32,68,124,0.016244153582280683,0.0052374392747879025,0.011666446924209595,0.01521211862564087,0.020354747772216797,0.029506792128086087,0.00047960877418518066,0.043721020221710205
A1_G,40,01/test/ko/0041.bmp,1,boundary,32x32,68,68,0.01179488397696439,0.0007082030177116395,0.004742830991744995,0.010836958885192871,0.01719404011964798,0.02407068014144897,0.0,0.03742605447769165
A1_G,41,01/test/ko/0042.bmp,1,abnormal_normal,32x32,7,1017,0.00472902226002636,0.0,0.00025641918182373047,0.0022211670875549316,0.007082581520080566,0.01704134941101074,0.0,0.04736402630805969
A1_G,41,01/test/ko/0042.bmp,1,defect,32x32,7,7,0.006008416414260864,0.0025889575481414795,0.004598408937454224,0.006386220455169678,0.007822245359420776,0.008744394779205321,0.0017823278903961182,0.009049057960510254
A1_G,41,01/test/ko/0042.bmp,1,clean_defect,32x32,7,0,,,,,,,,
A1_G,41,01/test/ko/0042.bmp,1,boundary,32x32,7,7,0.006008416414260864,0.0025889575481414795,0.004598408937454224,0.006386220455169678,0.007822245359420776,0.008744394779205321,0.0017823278903961182,0.009049057960510254
A1_G,42,01/test/ko/0043.bmp,1,abnormal_normal,32x32,86,820,0.005793576524025057,0.0,0.0002819374203681946,0.0028279870748519897,0.008566983044147491,0.020652830600738522,0.0,0.05794122815132141
A1_G,42,01/test/ko/0043.bmp,1,defect,32x32,86,204,0.013723292333238265,0.001999752223491669,0.007642798125743866,0.011949226260185242,0.01845870167016983,0.03134614825248718,0.0,0.053866028785705566
A1_G,42,01/test/ko/0043.bmp,1,clean_defect,32x32,86,118,0.014740539556842739,0.0022959783673286442,0.009623020887374878,0.01293078064918518,0.020802028477191925,0.02904376834630962,0.0,0.053866028785705566
A1_G,42,01/test/ko/0043.bmp,1,boundary,32x32,86,86,0.01232753451480422,0.002027936279773712,0.006097257137298584,0.009780943393707275,0.01616095006465912,0.03128257393836975,0.0,0.0458199679851532
A1_G,43,01/test/ko/0044.bmp,1,abnormal_normal,32x32,28,987,0.005426066594524828,0.0,0.00037598609924316406,0.002568751573562622,0.007793724536895752,0.020798364281654352,0.0,0.04145169258117676
A1_G,43,01/test/ko/0044.bmp,1,defect,32x32,28,37,0.012205944673435108,0.0017543792724609374,0.004554241895675659,0.00911635160446167,0.015239417552947998,0.03549433946609497,0.00041294097900390625,0.04130879044532776
A1_G,43,01/test/ko/0044.bmp,1,clean_defect,32x32,28,9,0.01874505811267429,0.0027325630187988283,0.00793766975402832,0.012485116720199585,0.030466854572296143,0.03888052105903625,0.0025573372840881348,0.04130879044532776
A1_G,43,01/test/ko/0044.bmp,1,boundary,32x32,28,28,0.010104086782251085,0.0014250174164772034,0.004524320363998413,0.008245721459388733,0.01478835940361023,0.023197004199028006,0.00041294097900390625,0.03651922941207886
A1_G,44,01/test/ko/0045.bmp,1,abnormal_normal,32x32,15,1006,0.003912411052474445,0.0,0.00023545324802398682,0.0015617012977600098,0.005561135709285736,0.015296608209609985,0.0,0.03756237030029297
A1_G,44,01/test/ko/0045.bmp,1,defect,32x32,15,18,0.010499212476942275,0.0011895179748535156,0.003604710102081299,0.00882139801979065,0.013528808951377869,0.027569466829299918,0.0009286999702453613,0.033834874629974365
A1_G,44,01/test/ko/0045.bmp,1,clean_defect,32x32,15,3,0.02396551767985026,0.013084465265274048,0.019030839204788208,0.026463806629180908,0.030149340629577637,0.03309776782989502,0.011597871780395508,0.033834874629974365
A1_G,44,01/test/ko/0045.bmp,1,boundary,32x32,15,15,0.007805951436360677,0.001143491268157959,0.003157585859298706,0.006954967975616455,0.011113137006759644,0.01709790229797363,0.0009286999702453613,0.019635677337646484
A1_G,45,01/test/ko/0046.bmp,1,abnormal_normal,32x32,4,1019,0.004125402357440234,0.0,0.00010156631469726562,0.0017819702625274658,0.006261914968490601,0.01595651507377624,0.0,0.034053802490234375
A1_G,45,01/test/ko/0046.bmp,1,defect,32x32,4,5,0.0033731341361999513,0.0002098679542541504,0.001049339771270752,0.0020203888416290283,0.002543210983276367,0.009510827064514159,0.0,0.011252731084823608
A1_G,45,01/test/ko/0046.bmp,1,clean_defect,32x32,4,1,0.0,0.0,0.0,0.0,0.0,0.0,0.0,0.0
A1_G,45,01/test/ko/0046.bmp,1,boundary,32x32,4,4,0.004216417670249939,0.0011949971318244933,0.0017776265740394592,0.0022817999124526978,0.0047205910086631775,0.009946303069591518,0.001049339771270752,0.011252731084823608
A1_G,46,01/test/ko/0047.bmp,1,abnormal_normal,32x32,106,835,0.006083813363206601,0.0,0.000499919056892395,0.0028122365474700928,0.00952272117137909,0.02119275033473968,0.0,0.05157557129859924
A1_G,46,01/test/ko/0047.bmp,1,defect,32x32,106,189,0.010106828319963323,0.0005902409553527832,0.004595339298248291,0.008567124605178833,0.014570921659469604,0.023778319358825677,0.0,0.043409913778305054
A1_G,46,01/test/ko/0047.bmp,1,clean_defect,32x32,106,83,0.010311646633837596,0.0026103556156158447,0.0057036131620407104,0.00834035873413086,0.014799043536186218,0.021025842428207393,0.0005768835544586182,0.03521931171417236
A1_G,46,01/test/ko/0047.bmp,1,boundary,32x32,106,106,0.00994645171570328,0.00012665987014770508,0.0027602389454841614,0.008778765797615051,0.014232829213142395,0.0248873308300972,0.0,0.043409913778305054
A1_G,47,01/test/ko/0048.bmp,1,abnormal_normal,32x32,104,830,0.005943062219275049,0.0,0.0006303638219833374,0.0026836097240448,0.00892987847328186,0.021122898161411285,0.0,0.05591315031051636
A1_G,47,01/test/ko/0048.bmp,1,defect,32x32,104,194,0.012212176144737559,0.0007618725299835206,0.005844675004482269,0.011329904198646545,0.017263874411582947,0.025389699637889857,0.0,0.05843976140022278
A1_G,47,01/test/ko/0048.bmp,1,clean_defect,32x32,104,90,0.01408217516210344,0.0015766143798828125,0.008969314396381378,0.01361556351184845,0.019877664744853973,0.02512218803167343,7.987022399902344e-05,0.03401598334312439
A1_G,47,01/test/ko/0048.bmp,1,boundary,32x32,104,104,0.010593907764324775,0.0003750637173652649,0.00382310152053833,0.008659109473228455,0.014180108904838562,0.025532980263233175,0.0,0.05843976140022278
A1_G,48,01/test/ko/0049.bmp,1,abnormal_normal,32x32,89,812,0.0058357838192596816,0.0,0.00026388466358184814,0.002744048833847046,0.009018674492835999,0.021695341169834115,0.0,0.05403909087181091
A1_G,48,01/test/ko/0049.bmp,1,defect,32x32,89,212,0.01235790213323989,0.0,0.00504341721534729,0.010478094220161438,0.01674661785364151,0.033223463594913474,0.0,0.04804930090904236
A1_G,48,01/test/ko/0049.bmp,1,clean_defect,32x32,89,123,0.013693825500767405,0.000306850671768189,0.0067130327224731445,0.01184895634651184,0.018304497003555298,0.03384515941143035,0.0,0.04675009846687317
A1_G,48,01/test/ko/0049.bmp,1,boundary,32x32,89,89,0.010511626018567031,0.0,0.003666132688522339,0.008150756359100342,0.013801872730255127,0.02923656702041621,0.0,0.04804930090904236
A1_G,49,01/test/ok/0000.bmp,0,normal_image,32x32,0,1024,0.0041533490002620965,0.0,0.00017731636762619019,0.0016296058893203735,0.006202802062034607,0.0162076860666275,0.0,0.04380360245704651
A1_G,50,01/test/ok/0001.bmp,0,normal_image,32x32,0,1024,0.0045681574556510895,0.0,7.878988981246948e-05,0.0014865100383758545,0.006899520754814148,0.018043529987335185,0.0,0.051028162240982056
A1_G,51,01/test/ok/0002.bmp,0,normal_image,32x32,0,1024,0.004229326907079667,0.0,0.00017939507961273193,0.0018907487392425537,0.006166383624076843,0.015857419371604918,0.0,0.048846542835235596
A1_G,52,01/test/ok/0003.bmp,0,normal_image,32x32,0,1024,0.003783093794481829,0.0,8.188188076019287e-06,0.0012395083904266357,0.005833715200424194,0.014688147604465483,0.0,0.04818639159202576
A1_G,53,01/test/ok/0004.bmp,0,normal_image,32x32,0,1024,0.003696016123285517,0.0,1.1324882507324219e-05,0.0011295080184936523,0.005415931344032288,0.015125565230846396,0.0,0.04526963829994202
A1_G,54,01/test/ok/0005.bmp,0,normal_image,32x32,0,1024,0.00387603702256456,0.0,1.4044344425201416e-05,0.0010572075843811035,0.005462318658828735,0.015943798422813408,0.0,0.056471168994903564
A1_G,55,01/test/ok/0006.bmp,0,normal_image,32x32,0,1024,0.0034422692842781544,0.0,2.0094215869903564e-05,0.0009393244981765747,0.004839152097702026,0.01395272761583328,0.0,0.03516668081283569
A1_G,56,01/test/ok/0007.bmp,0,normal_image,32x32,0,1024,0.004286743293050677,0.0,0.0,0.0010309219360351562,0.00654129683971405,0.017876669764518724,0.0,0.04735225439071655
A1_G,57,01/test/ok/0008.bmp,0,normal_image,32x32,0,1024,0.0038003535009920597,0.0,0.00014183670282363892,0.001312941312789917,0.005482882261276245,0.014635780453681944,0.0,0.03283560276031494
A1_G,58,01/test/ok/0009.bmp,0,normal_image,32x32,0,1024,0.004257327411323786,0.0,0.00026591867208480835,0.001623585820198059,0.006384819746017456,0.016190463304519648,0.0,0.03874143958091736
A1_G,59,01/test/ok/0010.bmp,0,normal_image,32x32,0,1024,0.004109102097572759,0.0,0.00021324306726455688,0.0013757050037384033,0.00631384551525116,0.01607174426317215,0.0,0.03756174445152283
A1_G,60,01/test/ok/0011.bmp,0,normal_image,32x32,0,1024,0.0046609028649982065,0.0,9.74014401435852e-05,0.001980200409889221,0.007323659956455231,0.01755875349044799,0.0,0.036361902952194214
A1_G,61,01/test/ok/0012.bmp,0,normal_image,32x32,0,1024,0.004526986012933776,0.0,8.841603994369507e-05,0.0013331025838851929,0.006986983120441437,0.017680425941944123,0.0,0.04856008291244507
A1_G,62,01/test/ok/0013.bmp,0,normal_image,32x32,0,1024,0.0039628711238037795,0.0,0.00017195194959640503,0.0012159496545791626,0.0061864107847213745,0.015149492025375362,0.0,0.04505452513694763
A1_G,63,01/test/ok/0014.bmp,0,normal_image,32x32,0,1024,0.004348705610027537,0.0,0.00015933066606521606,0.0015681087970733643,0.006515122950077057,0.01682100594043731,0.0,0.0359950065612793
A1_G,64,01/test/ok/0015.bmp,0,normal_image,32x32,0,1024,0.003823620470939204,0.0,3.6716461181640625e-05,0.0010069012641906738,0.005614921450614929,0.016001293063163755,0.0,0.050359755754470825
A1_G,65,01/test/ok/0016.bmp,0,normal_image,32x32,0,1024,0.004066405730554834,0.0,4.0158629417419434e-05,0.0012836456298828125,0.005905643105506897,0.016845333576202368,0.0,0.035816848278045654
A1_G,66,01/test/ok/0017.bmp,0,normal_image,32x32,0,1024,0.0037047329533379525,0.0,4.007667303085327e-05,0.00115908682346344,0.0055643171072006226,0.014345155656337729,0.0,0.03865852952003479
A1_G,67,01/test/ok/0018.bmp,0,normal_image,32x32,0,1024,0.003911451931344345,0.0,5.1178038120269775e-05,0.0010153800249099731,0.005180910229682922,0.017811141908168793,0.0,0.05139574408531189
A1_G,68,01/test/ok/0019.bmp,0,normal_image,32x32,0,1024,0.003785184904700145,0.0,0.0,0.0011895745992660522,0.005957074463367462,0.01532457917928695,0.0,0.03636309504508972
A1_G,69,01/test/ok/0020.bmp,0,normal_image,32x32,0,1024,0.0041920650692190975,0.0,0.00012150406837463379,0.0014492273330688477,0.006302386522293091,0.01622814685106277,0.0,0.059398770332336426
DUP_G,0,01/test/ko/0000.bmp,1,abnormal_normal,32x32,116,795,0.005373205913453357,0.0,0.0002765050157904625,0.002274850383400917,0.007944528944790363,0.019567834213376042,0.0,0.09082160890102386
DUP_G,0,01/test/ko/0000.bmp,1,defect,32x32,116,229,0.01165006607445567,0.0015222985297441483,0.005855545401573181,0.009845972061157227,0.015317291021347046,0.028654688596725462,1.8894672393798828e-05,0.04507029056549072
DUP_G,0,01/test/ko/0000.bmp,1,clean_defect,32x32,116,113,0.013596065968802544,0.002439212799072266,0.007534235715866089,0.011981889605522156,0.01805916428565979,0.03147845268249512,0.00044266507029533386,0.04507029056549072
DUP_G,0,01/test/ko/0000.bmp,1,boundary,32x32,116,116,0.009754393763583282,0.0014325282536447048,0.004876714199781418,0.00865127518773079,0.012501006945967674,0.025466982275247574,1.8894672393798828e-05,0.03437342494726181
DUP_G,1,01/test/ko/0001.bmp,1,abnormal_normal,32x32,74,875,0.005829927217747484,0.0,0.0006029512733221054,0.0029042772948741913,0.009061307646334171,0.0193776860833168,0.0,0.04679596424102783
DUP_G,1,01/test/ko/0001.bmp,1,defect,32x32,74,149,0.010931619674267385,0.0004990659654140472,0.005223363637924194,0.009657442569732666,0.01491689682006836,0.02493070065975188,0.0,0.03485220670700073
DUP_G,1,01/test/ko/0001.bmp,1,clean_defect,32x32,74,75,0.013190290331840515,0.003847712278366089,0.007477607578039169,0.012532800436019897,0.017574841156601906,0.02792244255542755,0.001746155321598053,0.03485220670700073
DUP_G,1,01/test/ko/0001.bmp,1,boundary,32x32,74,74,0.008642426440240564,3.742575645446779e-05,0.002819383516907692,0.007817467674612999,0.012513510882854462,0.021223735809326162,0.0,0.034337714314460754
DUP_G,2,01/test/ko/0002.bmp,1,abnormal_normal,32x32,61,948,0.004264357585247748,0.0,0.00022276223171502352,0.0015464634634554386,0.00604627700522542,0.01699712555855512,0.0,0.06032486632466316
DUP_G,2,01/test/ko/0002.bmp,1,defect,32x32,61,76,0.007919420622975418,0.0007361425086855888,0.0028814412653446198,0.0070735253393650055,0.010683511383831501,0.020077235996723175,0.0,0.025947190821170807
DUP_G,2,01/test/ko/0002.bmp,1,clean_defect,32x32,61,15,0.011150295784076055,0.00367673933506012,0.00681382417678833,0.010620564222335815,0.013303432613611221,0.024244454503059388,0.0017122626304626465,0.024404317140579224
DUP_G,2,01/test/ko/0002.bmp,1,boundary,32x32,61,61,0.007124943124344115,0.0006688609719276428,0.0026343688368797302,0.006311357021331787,0.009097062051296234,0.019606396555900574,0.0,0.025947190821170807
DUP_G,3,01/test/ko/0003.bmp,1,abnormal_normal,32x32,8,1016,0.004808287802150044,0.0,0.0003283959813416004,0.001991689670830965,0.0068841055035591125,0.018423105590045452,0.0,0.04975390434265137
DUP_G,3,01/test/ko/0003.bmp,1,defect,32x32,8,8,0.00586013263091445,0.00044707637280225757,0.001496897079050541,0.003362715244293213,0.007654708810150623,0.016851379536092274,0.0001250915229320526,0.020857900381088257
DUP_G,3,01/test/ko/0003.bmp,1,clean_defect,32x32,8,0,,,,,,,,
DUP_G,3,01/test/ko/0003.bmp,1,boundary,32x32,8,8,0.00586013263091445,0.00044707637280225757,0.001496897079050541,0.003362715244293213,0.007654708810150623,0.016851379536092274,0.0001250915229320526,0.020857900381088257
DUP_G,4,01/test/ko/0004.bmp,1,abnormal_normal,32x32,31,986,0.004978550420804837,0.0,0.00019724166486412287,0.0020525064319372177,0.00734666408970952,0.018905721604824066,0.0,0.04898444563150406
DUP_G,4,01/test/ko/0004.bmp,1,defect,32x32,31,38,0.008342356323019454,0.00038033425807952885,0.0027629947289824486,0.005433062091469765,0.010959804058074951,0.027518063783645623,0.0,0.034079499542713165
DUP_G,4,01/test/ko/0004.bmp,1,clean_defect,32x32,31,7,0.007590653108698981,0.00044495500624179844,0.002184441313147545,0.0029457807540893555,0.007482051849365234,0.02441351190209387,0.0,0.030855804681777954
DUP_G,4,01/test/ko/0004.bmp,1,boundary,32x32,31,31,0.008512095758511175,0.0004941336810588837,0.002783922478556633,0.005476430058479309,0.011305570602416992,0.026281096041202545,0.0,0.034079499542713165
DUP_G,5,01/test/ko/0005.bmp,1,abnormal_normal,32x32,64,903,0.00563923487463473,0.0,0.00033070705831050873,0.002589363604784012,0.008485207334160805,0.020457098633050917,0.0,0.058986976742744446
DUP_G,5,01/test/ko/0005.bmp,1,defect,32x32,64,121,0.009041269240546818,0.000661015510559082,0.0044737160205841064,0.007944077253341675,0.011873707175254822,0.024521857500076294,0.0,0.03685633838176727
DUP_G,5,01/test/ko/0005.bmp,1,clean_defect,32x32,64,57,0.010089348936290071,0.0024499237537384034,0.005551494657993317,0.009771883487701416,0.013094425201416016,0.023276644945144646,0.00019311904907226562,0.02747519314289093
DUP_G,5,01/test/ko/0005.bmp,1,boundary,32x32,64,64,0.008107823261525482,0.0005437733605504036,0.002375241369009018,0.005885835736989975,0.010240346193313599,0.02451251670718192,0.0,0.03685633838176727
DUP_G,6,01/test/ko/0006.bmp,1,abnormal_normal,32x32,70,880,0.0056806451487566596,0.0,0.0005199259612709284,0.003077237866818905,0.009119776077568531,0.018846912309527373,0.0,0.038909539580345154
DUP_G,6,01/test/ko/0006.bmp,1,defect,32x32,70,144,0.011909723967417248,0.0,0.004662448540329933,0.009516231715679169,0.017146943137049675,0.03098713308572769,0.0,0.057038307189941406
DUP_G,6,01/test/ko/0006.bmp,1,clean_defect,32x32,70,74,0.015560399438883807,0.0030393920838832863,0.007782185450196266,0.011322744190692902,0.020856522023677826,0.03648711331188678,0.0,0.057038307189941406
DUP_G,6,01/test/ko/0006.bmp,1,boundary,32x32,70,70,0.00805043846900974,0.0,0.0009191641584038734,0.0069502368569374084,0.011741194874048233,0.021396771445870398,0.0,0.02951952815055847
DUP_G,7,01/test/ko/0007.bmp,1,abnormal_normal,32x32,61,924,0.0055489011375471405,0.0,0.0005546854808926582,0.0027576200664043427,0.008078543934971094,0.019589636661112308,0.0,0.04611370712518692
DUP_G,7,01/test/ko/0007.bmp,1,defect,32x32,61,100,0.00814442140981555,0.0,0.0029223673045635223,0.00693998858332634,0.01131516508758068,0.022444544732570647,0.0,0.03642215579748154
DUP_G,7,01/test/ko/0007.bmp,1,clean_defect,32x32,61,39,0.008375417059048628,0.0,0.0023899301886558533,0.007519245147705078,0.011334232985973358,0.022206057608127598,0.0,0.03642215579748154
DUP_G,7,01/test/ko/0007.bmp,1,boundary,32x32,61,61,0.007996735666863253,4.7108158469200134e-05,0.002965308725833893,0.0066761597990989685,0.011251367628574371,0.022391952574253082,0.0,0.02693183720111847
DUP_G,8,01/test/ko/0008.bmp,1,abnormal_normal,32x32,67,896,0.00610275389200459,0.0,0.0005491925403475761,0.0031470544636249542,0.009477589279413223,0.02117031253874302,0.0,0.04185320809483528
DUP_G,8,01/test/ko/0008.bmp,1,defect,32x32,67,128,0.00989361759275198,0.0009052002802491189,0.004752712324261665,0.009214073419570923,0.014371886849403381,0.020664671063423155,0.0,0.028300464153289795
DUP_G,8,01/test/ko/0008.bmp,1,clean_defect,32x32,67,61,0.011883516780665664,0.002820707857608795,0.007201455533504486,0.011103183031082153,0.01569610834121704,0.022338926792144775,0.0,0.028300464153289795
DUP_G,8,01/test/ko/0008.bmp,1,boundary,32x32,67,67,0.008081918332114149,0.00015247203409671795,0.003482956439256668,0.007304370403289795,0.012094900012016296,0.018379867076873776,0.0,0.02086867392063141
DUP_G,9,01/test/ko/0009.bmp,1,abnormal_normal,32x32,24,994,0.004831859005017345,0.0,0.00018387066666036844,0.0018890909850597382,0.0074144331738352776,0.01860607117414473,0.0,0.03991708159446716
DUP_G,9,01/test/ko/0009.bmp,1,defect,32x32,24,30,0.007249278947710991,0.0007614906877279282,0.0034031663089990616,0.005164772272109985,0.009753027930855751,0.01903040669858454,0.0005112886428833008,0.02277243509888649
DUP_G,9,01/test/ko/0009.bmp,1,clean_defect,32x32,24,6,0.004218716795245807,0.0012105433270335197,0.0027636727318167686,0.0029678139835596085,0.0035142051056027412,0.010125980712473392,0.0006938353180885315,0.012290876358747482
DUP_G,9,01/test/ko/0009.bmp,1,boundary,32x32,24,24,0.008006919485827288,0.0009446829557418824,0.0037228455767035484,0.006366204470396042,0.010052826255559921,0.020789553597569455,0.0005112886428833008,0.02277243509888649
DUP_G,10,01/test/ko/0010.bmp,1,abnormal_normal,32x32,141,753,0.005820813613534369,0.0,0.0005661249160766602,0.0028245896100997925,0.008463308215141296,0.02074832022190094,0.0,0.05800290405750275
DUP_G,10,01/test/ko/0010.bmp,1,defect,32x32,141,271,0.009494931296173936,0.0007046759128570557,0.00390750914812088,0.007730931043624878,0.012970026582479477,0.02414403110742569,0.0,0.04441756010055542
DUP_G,10,01/test/ko/0010.bmp,1,clean_defect,32x32,141,130,0.00984980661708575,0.0017021927982568742,0.004968930035829544,0.008530408143997192,0.013527430593967438,0.02417178675532341,0.0,0.04239928722381592
DUP_G,10,01/test/ko/0010.bmp,1,boundary,32x32,141,141,0.00916774128398574,0.0004176311194896698,0.0034197866916656494,0.007526412606239319,0.012711837887763977,0.023472070693969727,0.0,0.04441756010055542
DUP_G,11,01/test/ko/0011.bmp,1,abnormal_normal,32x32,19,1001,0.004077904354294782,0.0,0.00013540219515562057,0.0015887226909399033,0.006169795989990234,0.015827380120754242,0.0,0.03487590700387955
DUP_G,11,01/test/ko/0011.bmp,1,defect,32x32,19,23,0.006007370417532714,0.001030251756310463,0.0020305104553699493,0.004325151443481445,0.008072476834058762,0.01645694933831691,0.0006791204214096069,0.017840325832366943
DUP_G,11,01/test/ko/0011.bmp,1,clean_defect,32x32,19,4,0.0019473596476018429,0.0007262641564011573,0.0009148390963673592,0.0013925833627581596,0.0024251039139926434,0.003945141937583684,0.0006791204214096069,0.004325151443481445
DUP_G,11,01/test/ko/0011.bmp,1,boundary,32x32,19,19,0.006862109526991844,0.0015514753758907318,0.003057260997593403,0.006460905075073242,0.008425861597061157,0.017061704024672508,0.0013618096709251404,0.017840325832366943
DUP_G,12,01/test/ko/0012.bmp,1,abnormal_normal,32x32,40,958,0.005454390628131142,0.0,0.00048687541857361794,0.0025949375703930855,0.008286731317639351,0.01938670203089714,0.0,0.0512712225317955
DUP_G,12,01/test/ko/0012.bmp,1,defect,32x32,40,66,0.0073824993927370415,0.0005724318325519562,0.002318192273378372,0.005839524790644646,0.012028194963932037,0.017592383548617363,7.015466690063477e-05,0.021949224174022675
DUP_G,12,01/test/ko/0012.bmp,1,clean_defect,32x32,40,26,0.008613164321734356,0.000752527266740799,0.004119172692298889,0.006589733064174652,0.012573424726724625,0.01879272237420082,7.015466690063477e-05,0.021949224174022675
DUP_G,12,01/test/ko/0012.bmp,1,boundary,32x32,40,40,0.006582567188888788,0.0007544957101345063,0.001765272580087185,0.004942178726196289,0.01032920554280281,0.0171450424939394,0.00014774128794670105,0.01870548725128174
DUP_G,13,01/test/ko/0013.bmp,1,abnormal_normal,32x32,46,964,0.004927122435064917,0.0,0.0002643018960952759,0.002019563689827919,0.00729669164866209,0.017829731106758104,0.0,0.05391663312911987
DUP_G,13,01/test/ko/0013.bmp,1,defect,32x32,46,60,0.006598468776792288,0.0,0.0023604845628142357,0.005648577585816383,0.009858142584562302,0.016754258982837198,0.0,0.025868497788906097
DUP_G,13,01/test/ko/0013.bmp,1,clean_defect,32x32,46,14,0.004662303520100457,0.0001805908977985382,0.0028564389795064926,0.004405796527862549,0.006378054618835449,0.009265375882387161,0.0,0.00998745858669281
DUP_G,13,01/test/ko/0013.bmp,1,boundary,32x32,46,46,0.007187736463611541,0.0,0.0019371984526515007,0.006227632984519005,0.011322110891342163,0.017335993237793446,0.0,0.025868497788906097
DUP_G,14,01/test/ko/0014.bmp,1,abnormal_normal,32x32,116,805,0.005397491460747045,0.0,0.0005285339429974556,0.002125660888850689,0.007867597043514252,0.019952346384525282,0.0,0.045389145612716675
DUP_G,14,01/test/ko/0014.bmp,1,defect,32x32,116,219,0.010529109765881816,0.0008710507303476334,0.00456579215824604,0.00905860960483551,0.014472294598817825,0.02577715143561363,0.0,0.054326534271240234
DUP_G,14,01/test/ko/0014.bmp,1,clean_defect,32x32,116,103,0.012322543568692161,0.0020581521093845367,0.006194218993186951,0.010237127542495728,0.016889940947294235,0.026421657204627975,0.000958368182182312,0.054326534271240234
DUP_G,14,01/test/ko/0014.bmp,1,boundary,32x32,116,116,0.00893666423407608,0.0003126552328467369,0.0031901011243462563,0.007777214050292969,0.012550003826618195,0.025266870856285095,0.0,0.02979244291782379
DUP_G,15,01/test/ko/0015.bmp,1,abnormal_normal,32x32,98,836,0.005999383422753296,0.0,0.0004828120581805706,0.002908795140683651,0.009320884943008423,0.021937357261776924,0.0,0.04110761731863022
DUP_G,15,01/test/ko/0015.bmp,1,defect,32x32,98,188,0.0112157686554054,0.00024241209030151364,0.0045488737523555756,0.008690997958183289,0.015216277912259102,0.030143858492374442,0.0,0.04848295450210571
DUP_G,15,01/test/ko/0015.bmp,1,clean_defect,32x32,98,90,0.012003134397996797,0.002413495630025864,0.005788423120975494,0.009702220559120178,0.016883060336112976,0.024929320067167277,0.0013228878378868103,0.042727455496788025
DUP_G,15,01/test/ko/0015.bmp,1,boundary,32x32,98,98,0.010492677667311259,0.0,0.0031966371461749077,0.007463365793228149,0.014661751687526703,0.03297335430979728,0.0,0.04848295450210571
DUP_G,16,01/test/ko/0016.bmp,1,abnormal_normal,32x32,69,824,0.006056821789791428,0.0,0.0005805438850075006,0.003039063885807991,0.009204300120472908,0.021081450767815108,0.0,0.054024070501327515
DUP_G,16,01/test/ko/0016.bmp,1,defect,32x32,69,200,0.01227443384937942,0.001572771742939949,0.005703606642782688,0.010278899222612381,0.016831403598189354,0.02924437001347541,0.0,0.041616275906562805
DUP_G,16,01/test/ko/0016.bmp,1,clean_defect,32x32,69,131,0.013618230762827487,0.0030148886144161224,0.006382592022418976,0.010950326919555664,0.018747102469205856,0.031003892421722412,0.0012158602476119995,0.041616275906562805
DUP_G,16,01/test/ko/0016.bmp,1,boundary,32x32,69,69,0.009723167245586714,0.0008762873709201813,0.003858901560306549,0.007236093282699585,0.014061540365219116,0.025423562526702876,0.0,0.03282265365123749
DUP_G,17,01/test/ko/0017.bmp,1,abnormal_normal,32x32,18,993,0.005427704405129586,0.0,0.000470578670501709,0.002819577232003212,0.008109193295240402,0.017815503478050228,0.0,0.0619608610868454
DUP_G,17,01/test/ko/0017.bmp,1,defect,32x32,18,31,0.010310814145111268,0.001956373453140259,0.005921758711338043,0.01078759878873825,0.013239681720733643,0.018969930708408356,0.0012397393584251404,0.019626453518867493
DUP_G,17,01/test/ko/0017.bmp,1,clean_defect,32x32,18,13,0.011384599483930148,0.0021834760904312135,0.010214805603027344,0.012144848704338074,0.013418108224868774,0.017517532408237457,0.0015382170677185059,0.018360108137130737
DUP_G,17,01/test/ko/0017.bmp,1,boundary,32x32,18,18,0.009535302511519857,0.002204311266541481,0.0049218107014894485,0.009338490664958954,0.012013611383736134,0.019515246152877808,0.0012397393584251404,0.019626453518867493
DUP_G,18,01/test/ko/0018.bmp,1,abnormal_normal,32x32,35,980,0.0045176113990125985,0.0,0.0002377629280090332,0.0018146522343158722,0.006463448749855161,0.016628142073750494,0.0,0.0456756129860878
DUP_G,18,01/test/ko/0018.bmp,1,defect,32x32,35,44,0.00982478354126215,0.003411480039358139,0.0067362794652581215,0.009443521499633789,0.011791326105594635,0.01592263951897621,0.000568389892578125,0.027608126401901245
DUP_G,18,01/test/ko/0018.bmp,1,clean_defect,32x32,35,9,0.0113215082221561,0.00661713182926178,0.00975888967514038,0.011381231248378754,0.014110945165157318,0.015107738971710204,0.005795717239379883,0.015520304441452026
DUP_G,18,01/test/ko/0018.bmp,1,boundary,32x32,35,35,0.009439911480460849,0.0031228262931108476,0.006436586380004883,0.00914059579372406,0.010980825871229172,0.016195782274007794,0.000568389892578125,0.027608126401901245
DUP_G,19,01/test/ko/0019.bmp,1,abnormal_normal,32x32,8,1012,0.005067619085799638,0.0,0.0003736764192581177,0.0022826706990599632,0.007305001839995384,0.018313129059970363,0.0,0.041103899478912354
DUP_G,19,01/test/ko/0019.bmp,1,defect,32x32,8,12,0.010543404457469782,0.0029875552281737328,0.006622500717639923,0.010097503662109375,0.014556458219885826,0.018504444882273673,0.0026151351630687714,0.02059236168861389
DUP_G,19,01/test/ko/0019.bmp,1,clean_defect,32x32,8,4,0.008880183100700378,0.0037772037088871003,0.005716968327760696,0.00813814252614975,0.011301357299089432,0.015022019296884535,0.003292262554168701,0.015952184796333313
DUP_G,19,01/test/ko/0019.bmp,1,boundary,32x32,8,8,0.011375015135854483,0.004029064439237118,0.008558206260204315,0.010528847575187683,0.014767449349164963,0.019263687357306478,0.0026151351630687714,0.02059236168861389
DUP_G,20,01/test/ko/0020.bmp,1,abnormal_normal,32x32,23,990,0.005524580777538093,0.0,0.0004380089230835438,0.0027502281591296196,0.008326390758156776,0.019279518350958817,0.0,0.039654750376939774
DUP_G,20,01/test/ko/0020.bmp,1,defect,32x32,23,34,0.009401236660778522,0.0,0.0023218318819999695,0.006669200956821442,0.01378687098622322,0.02544182129204273,0.0,0.03553495556116104
DUP_G,20,01/test/ko/0020.bmp,1,clean_defect,32x32,23,11,0.009553412822159853,0.0005186423659324646,0.005537305027246475,0.010168194770812988,0.01231597363948822,0.020738936960697174,0.0,0.02505028247833252
DUP_G,20,01/test/ko/0020.bmp,1,boundary,32x32,23,23,0.00932845675750919,2.9108859598636652e-05,0.002041500061750412,0.006279114633798599,0.01461075246334076,0.02571104243397712,0.0,0.03553495556116104
DUP_G,21,01/test/ko/0021.bmp,1,abnormal_normal,32x32,53,966,0.004338833815613415,0.0,0.0002564937458373606,0.0014665722846984863,0.005909193307161331,0.01796952774748206,0.0,0.04256872087717056
DUP_G,21,01/test/ko/0021.bmp,1,defect,32x32,53,58,0.0036124754857657284,0.0,0.00031080853659659624,0.0008607902564108372,0.00522790290415287,0.013961715716868637,0.0,0.02628238871693611
DUP_G,21,01/test/ko/0021.bmp,1,clean_defect,32x32,53,5,0.007635408267378807,0.0021321453154087068,0.004760902374982834,0.007106907665729523,0.011985696852207184,0.012676002085208892,0.0014749560505151749,0.01284857839345932
DUP_G,21,01/test/ko/0021.bmp,1,boundary,32x32,53,53,0.003232953525236193,0.0,0.000273287296295166,0.0007572770118713379,0.004334848374128342,0.014220375195145605,0.0,0.02628238871693611
DUP_G,22,01/test/ko/0022.bmp,1,abnormal_normal,32x32,30,983,0.005741434294251026,0.0,0.00046506430953741074,0.002509772777557373,0.008604992181062698,0.020803944766521452,0.0,0.0707656666636467
DUP_G,22,01/test/ko/0022.bmp,1,defect,32x32,30,41,0.009320503168898384,0.0,0.000507161021232605,0.0064591169357299805,0.01376187801361084,0.024319663643836975,0.0,0.028416305780410767
DUP_G,22,01/test/ko/0022.bmp,1,clean_defect,32x32,30,11,0.010162308812141418,0.0,0.0032295584678649902,0.009366154670715332,0.015298187732696533,0.023274369537830353,0.0,0.024319663643836975
DUP_G,22,01/test/ko/0022.bmp,1,boundary,32x32,30,30,0.009011841099709272,0.0,0.0005303714424371719,0.005518864840269089,0.013718388974666595,0.025980213657021512,0.0,0.028416305780410767
DUP_G,23,01/test/ko/0023.bmp,1,abnormal_normal,32x32,45,965,0.004534963161052431,0.0,0.00016494584269821644,0.001643359661102295,0.006316861137747765,0.0186335239559412,0.0,0.04677252098917961
DUP_G,23,01/test/ko/0023.bmp,1,defect,32x32,45,59,0.007689888889001587,0.0002455931156873704,0.0027864165604114532,0.005281567573547363,0.009246915578842163,0.02267565131187436,0.0,0.04258325695991516
DUP_G,23,01/test/ko/0023.bmp,1,clean_defect,32x32,45,14,0.015712750543441092,0.0026709558442234993,0.006422160193324089,0.01540457084774971,0.021474454551935196,0.03307718746364116,0.0,0.04258325695991516
DUP_G,23,01/test/ko/0023.bmp,1,boundary,32x32,45,45,0.005193887485398186,0.0002703011035919189,0.0024292245507240295,0.004743695259094238,0.007810711860656738,0.010962164402008057,2.5153160095214844e-05,0.014932829886674881
DUP_G,24,01/test/ko/0024.bmp,1,abnormal_normal,32x32,71,874,0.0066006503571933075,0.0,0.000565582886338234,0.0036942511796951294,0.010362856090068817,0.021579305082559584,0.0,0.046411968767642975
DUP_G,24,01/test/ko/0024.bmp,1,defect,32x32,71,150,0.012067429771025975,0.00039713680744171145,0.00470738485455513,0.010074123740196228,0.017035866156220436,0.03496888130903243,0.0,0.04210430383682251
DUP_G,24,01/test/ko/0024.bmp,1,clean_defect,32x32,71,79,0.013411082704610463,0.0016565591096878054,0.005766663700342178,0.01190871000289917,0.01937774568796158,0.030979216098785373,0.0,0.04210430383682251
DUP_G,24,01/test/ko/0024.bmp,1,boundary,32x32,71,71,0.010572379323798167,0.00022331811487674713,0.0035469122231006622,0.007233783602714539,0.015568874776363373,0.03528521582484245,0.0,0.04157039523124695
DUP_G,25,01/test/ko/0025.bmp,1,abnormal_normal,32x32,34,980,0.005552198525461159,0.0,0.000444894190877676,0.0025253109633922577,0.008598433807492256,0.019425740279257288,0.0,0.04790729284286499
DUP_G,25,01/test/ko/0025.bmp,1,defect,32x32,34,44,0.010870148851112886,0.0016034923493862153,0.0035921279340982437,0.007526155561208725,0.013746279291808605,0.030965469405055054,0.0007067546248435974,0.04222637414932251
DUP_G,25,01/test/ko/0025.bmp,1,clean_defect,32x32,34,10,0.01088835820555687,0.0028344519436359406,0.004581926390528679,0.007390107959508896,0.01877915859222412,0.02348768375813961,0.002526581287384033,0.024090513586997986
DUP_G,25,01/test/ko/0025.bmp,1,boundary,32x32,34,34,0.01086479315862936,0.001355307549238205,0.003460472449660301,0.007739530876278877,0.013353495858609676,0.03351575396955012,0.0007067546248435974,0.04222637414932251
DUP_G,26,01/test/ko/0026.bmp,1,abnormal_normal,32x32,14,1000,0.005054656390566379,0.0,0.00020860135555267334,0.0024148914963006973,0.00728994607925415,0.018192464113235468,0.0,0.0660528689622879
DUP_G,26,01/test/ko/0026.bmp,1,defect,32x32,14,24,0.01102735660970211,0.0014877267181873325,0.004713520407676697,0.011182740330696106,0.016110429540276527,0.019906882941722867,0.0,0.024484023451805115
DUP_G,26,01/test/ko/0026.bmp,1,clean_defect,32x32,14,10,0.011168764531612396,0.00423266664147377,0.004961185157299042,0.010820075869560242,0.014820817857980728,0.021663848310708993,0.004001051187515259,0.024484023451805115
DUP_G,26,01/test/ko/0026.bmp,1,boundary,32x32,14,14,0.010926350951194763,0.0007482197135686875,0.005072873085737228,0.011624813079833984,0.017020417377352715,0.019594718515872956,0.0,0.020000532269477844
DUP_G,27,01/test/ko/0028.bmp,1,abnormal_normal,32x32,81,855,0.00648671513347075,0.0,0.00013316795229911804,0.0033669695258140564,0.010486200451850891,0.020706815272569644,0.0,0.054965853691101074
DUP_G,27,01/test/ko/0028.bmp,1,defect,32x32,81,169,0.012341058554028618,0.0013093158602714538,0.005087345838546753,0.011329501867294312,0.016742408275604248,0.028610455989837642,0.0,0.0482250452041626
DUP_G,27,01/test/ko/0028.bmp,1,clean_defect,32x32,81,88,0.014602995350618254,0.002569101005792618,0.00644628144800663,0.013651639223098755,0.020137280225753784,0.03209875226020811,0.0020018965005874634,0.04320904612541199
DUP_G,27,01/test/ko/0028.bmp,1,boundary,32x32,81,81,0.00988364573798062,0.0,0.003651462495326996,0.00993528962135315,0.0142592191696167,0.024531424045562744,0.0,0.0482250452041626
DUP_G,28,01/test/ko/0029.bmp,1,abnormal_normal,32x32,45,949,0.004986883065534718,0.0,0.00032416917383670807,0.0021611861884593964,0.007532224059104919,0.01846638396382331,0.0,0.049115508794784546
DUP_G,28,01/test/ko/0029.bmp,1,defect,32x32,45,75,0.009515655040740967,0.0003819599747657777,0.003923226147890091,0.008212052285671234,0.013047371059656143,0.023635557293891895,0.0,0.034211501479148865
DUP_G,28,01/test/ko/0029.bmp,1,clean_defect,32x32,45,30,0.009728154291709264,0.0013216555118560791,0.006243940442800522,0.008944299072027206,0.012157689779996872,0.017868592590093612,0.0,0.022207722067832947
DUP_G,28,01/test/ko/0029.bmp,1,boundary,32x32,45,45,0.009373988873428768,0.00011316537857055673,0.00325070321559906,0.0064053162932395935,0.01316622644662857,0.027120229601860047,0.0,0.034211501479148865
DUP_G,29,01/test/ko/0030.bmp,1,abnormal_normal,32x32,21,991,0.004579414614837139,0.0,0.00027598929591476917,0.0017626471817493439,0.0066117048263549805,0.01711988542228937,0.0,0.056883305311203
DUP_G,29,01/test/ko/0030.bmp,1,defect,32x32,21,33,0.006843653479308793,0.0,0.0015916228294372559,0.006463862955570221,0.009073957800865173,0.019948364794254287,0.0,0.030904851853847504
DUP_G,29,01/test/ko/0030.bmp,1,clean_defect,32x32,21,12,0.004761527292430401,0.0,0.0012666136026382446,0.003364741802215576,0.005820607766509056,0.013828111998736856,0.0,0.015146255493164062
DUP_G,29,01/test/ko/0030.bmp,1,boundary,32x32,21,21,0.008033439871810731,0.0,0.0016840696334838867,0.007190525531768799,0.009073957800865173,0.027151528745889664,0.0,0.030904851853847504
DUP_G,30,01/test/ko/0031.bmp,1,abnormal_normal,32x32,3,1019,0.0035945988036632736,0.0,0.00023405748652294278,0.0011490974575281143,0.004815735854208469,0.015050234086811503,0.0,0.033646367490291595
DUP_G,30,01/test/ko/0031.bmp,1,defect,32x32,3,5,0.00390944592654705,0.0004074499011039734,0.001638457179069519,0.0034165196120738983,0.006888408213853836,0.007380998879671097,9.969808161258698e-05,0.007504146546125412
DUP_G,30,01/test/ko/0031.bmp,1,clean_defect,32x32,3,2,0.0042634326964616776,0.001900954730808735,0.0029509449377655983,0.0042634326964616776,0.005575920455157757,0.00662591066211462,0.001638457179069519,0.006888408213853836
DUP_G,30,01/test/ko/0031.bmp,1,boundary,32x32,3,3,0.0036734547466039658,0.0004313802346587181,0.0017581088468432426,0.0034165196120738983,0.005460333079099655,0.00709538385272026,9.969808161258698e-05,0.007504146546125412
DUP_G,31,01/test/ko/0032.bmp,1,abnormal_normal,32x32,59,906,0.005829401036455125,1.7781276255846024e-06,0.000585631001740694,0.002911219373345375,0.009014858864247799,0.020567016676068306,0.0,0.04310143366456032
DUP_G,31,01/test/ko/0032.bmp,1,defect,32x32,59,118,0.010451971995249644,0.0007962428033351898,0.005065388977527618,0.008925393223762512,0.015165811404585838,0.02318801134824751,0.0,0.030675768852233887
DUP_G,31,01/test/ko/0032.bmp,1,clean_defect,32x32,59,59,0.011716336832713272,0.0025813467800617222,0.007261104881763458,0.011212930083274841,0.016345404088497162,0.021273034811019886,0.0,0.029959723353385925
DUP_G,31,01/test/ko/0032.bmp,1,boundary,32x32,59,59,0.009187607157786014,0.0006198354065418245,0.00288328155875206,0.007252797484397888,0.013056322932243347,0.025192734599113465,0.0,0.030675768852233887
DUP_G,32,01/test/ko/0033.bmp,1,abnormal_normal,32x32,5,1018,0.003326978381879377,0.0,7.904067751951516e-05,0.0010054409503936768,0.004481698153540492,0.014338782709091896,0.0,0.03223380073904991
DUP_G,32,01/test/ko/0033.bmp,1,defect,32x32,5,6,0.003856802359223366,0.0005167080089449883,0.002251754514873028,0.003714635968208313,0.005597509443759918,0.007272318005561829,0.0,0.007722280919551849
DUP_G,32,01/test/ko/0033.bmp,1,clean_defect,32x32,5,1,0.005922429263591766,0.005922429263591766,0.005922429263591766,0.005922429263591766,0.005922429263591766,0.005922429263591766,0.005922429263591766,0.005922429263591766
DUP_G,32,01/test/ko/0033.bmp,1,boundary,32x32,5,5,0.0034436769783496857,0.00041336640715599064,0.002066832035779953,0.002806521952152252,0.004622749984264374,0.007102374732494354,0.0,0.007722280919551849
DUP_G,33,01/test/ko/0034.bmp,1,abnormal_normal,32x32,15,1003,0.0037043004008641433,0.0,0.0001546827843412757,0.0012898044660687447,0.005171874538064003,0.015608931612223383,0.0,0.03819211572408676
DUP_G,33,01/test/ko/0034.bmp,1,defect,32x32,15,21,0.005578766089110147,0.0,0.0024451017379760742,0.004800282418727875,0.007939338684082031,0.014786187559366226,0.0,0.01643514633178711
DUP_G,33,01/test/ko/0034.bmp,1,clean_defect,32x32,15,6,0.007099531590938568,0.0028006769716739655,0.003072977066040039,0.004184119403362274,0.011527729220688343,0.01453193835914135,0.002764567732810974,0.014786187559366226
DUP_G,33,01/test/ko/0034.bmp,1,boundary,32x32,15,15,0.004970459888378779,0.0,0.0013088174164295197,0.004800282418727875,0.0071393270045518875,0.011101248487830154,0.0,0.01643514633178711
DUP_G,34,01/test/ko/0035.bmp,1,abnormal_normal,32x32,39,946,0.0059118042990415655,0.0,0.0005528978072106838,0.002700159791857004,0.009525315836071968,0.02050129324197769,0.0,0.05772753804922104
DUP_G,34,01/test/ko/0035.bmp,1,defect,32x32,39,78,0.009324639366987424,0.0012175556272268294,0.00480473879724741,0.008481625467538834,0.01280592568218708,0.020952875912189476,0.0,0.03015005588531494
DUP_G,34,01/test/ko/0035.bmp,1,clean_defect,32x32,39,39,0.010101384077316675,0.0022852249443531037,0.007120907306671143,0.009340137243270874,0.012721017003059387,0.017603749036788942,0.0012383460998535156,0.03015005588531494
DUP_G,34,01/test/ko/0035.bmp,1,boundary,32x32,39,39,0.008547894656658173,0.0009577296674251558,0.003331754356622696,0.0065100789070129395,0.013050664216279984,0.022021433711051943,0.0,0.023507796227931976
DUP_G,35,01/test/ko/0036.bmp,1,abnormal_normal,32x32,109,777,0.005711576896581794,0.0,0.0005037374794483185,0.003138229250907898,0.008633337914943695,0.02124242484569549,0.0,0.0399797260761261
DUP_G,35,01/test/ko/0036.bmp,1,defect,32x32,109,247,0.010439539773140842,0.0003783281892538073,0.0037208087742328644,0.009234927594661713,0.014075800776481628,0.025748966634273524,0.0,0.046226322650909424
DUP_G,35,01/test/ko/0036.bmp,1,clean_defect,32x32,109,138,0.011982615011325781,0.001941409707069397,0.0058647021651268005,0.010859724134206772,0.015011273324489594,0.02783711031079293,0.0,0.046226322650909424
DUP_G,35,01/test/ko/0036.bmp,1,boundary,32x32,109,109,0.00848592158167734,3.4499168395996125e-05,0.0027579814195632935,0.006209373474121094,0.011769607663154602,0.023681139945983882,0.0,0.042006075382232666
DUP_G,36,01/test/ko/0037.bmp,1,abnormal_normal,32x32,69,914,0.005117567243356119,0.0,0.0003722510300576687,0.0022607073187828064,0.007605294696986675,0.019086612202227085,0.0,0.04167039692401886
DUP_G,36,01/test/ko/0037.bmp,1,defect,32x32,69,110,0.00891392014243386,0.00024961475282907485,0.0033872132189571857,0.007404860109090805,0.011974453926086426,0.025636330060660836,0.0,0.03421241044998169
DUP_G,36,01/test/ko/0037.bmp,1,clean_defect,32x32,69,41,0.009348596378070553,0.0014788508415222168,0.0032346397638320923,0.007630825042724609,0.011941283941268921,0.026979006826877594,0.0,0.03239008039236069
DUP_G,36,01/test/ko/0037.bmp,1,boundary,32x32,69,69,0.00865563426328742,0.00010517388582229623,0.0038666725158691406,0.0074034035205841064,0.012874819338321686,0.024037858098745327,0.0,0.03421241044998169
DUP_G,37,01/test/ko/0038.bmp,1,abnormal_normal,32x32,12,1010,0.004019896137196165,0.0,0.00011188775533810258,0.001909436658024788,0.005900907330214977,0.014923190139234066,0.0,0.044555529952049255
DUP_G,37,01/test/ko/0038.bmp,1,defect,32x32,12,14,0.008510802340294634,0.0014097720384597778,0.00350861344486475,0.0063950540497899055,0.008470105938613415,0.024314673058688636,0.0011549592018127441,0.03309442475438118
DUP_G,37,01/test/ko/0038.bmp,1,clean_defect,32x32,12,2,0.013107318431138992,0.007275502011179924,0.009867420420050621,0.013107318431138992,0.016347216442227364,0.01893913485109806,0.00662752240896225,0.019587114453315735
DUP_G,37,01/test/ko/0038.bmp,1,boundary,32x32,12,12,0.007744716325153907,0.0013705700635910033,0.0029380926862359047,0.005626451224088669,0.007731505669653416,0.02219119910150765,0.0011549592018127441,0.03309442475438118
DUP_G,38,01/test/ko/0039.bmp,1,abnormal_normal,32x32,58,880,0.0059428639424202795,0.0,0.0006058374419808388,0.0029480159282684326,0.008912808261811733,0.021341710165143014,0.0,0.045874759554862976
DUP_G,38,01/test/ko/0039.bmp,1,defect,32x32,58,144,0.01095828953354309,0.00048726480454206465,0.004163898527622223,0.0092238187789917,0.015538848005235195,0.027040788531303404,0.0,0.04307176172733307
DUP_G,38,01/test/ko/0039.bmp,1,clean_defect,32x32,58,86,0.012703399498795355,0.0018068477511405945,0.006585255265235901,0.01074187457561493,0.016367711126804352,0.03109635040163994,0.00019898265600204468,0.04307176172733307
DUP_G,38,01/test/ko/0039.bmp,1,boundary,32x32,58,58,0.008370712688513872,0.0002859044820070267,0.0016067922115325928,0.005827229470014572,0.01373368501663208,0.02151854671537876,0.0,0.03630082309246063
DUP_G,39,01/test/ko/0040.bmp,1,abnormal_normal,32x32,64,908,0.004802467713557135,0.0,0.0002998366253450513,0.0018370556645095348,0.007178970146924257,0.01860416792333126,0.0,0.038084547966718674
DUP_G,39,01/test/ko/0040.bmp,1,defect,32x32,64,116,0.009832327928522537,0.0017717285081744194,0.0043023210018873215,0.008257981389760971,0.012845972552895546,0.0232428889721632,0.00016038119792938232,0.03605780005455017
DUP_G,39,01/test/ko/0040.bmp,1,clean_defect,32x32,64,52,0.012513249252851192,0.0042031358927488325,0.007592432200908661,0.010862797498703003,0.017608318477869034,0.02508589401841162,0.0017756223678588867,0.03161495923995972
DUP_G,39,01/test/ko/0040.bmp,1,boundary,32x32,64,64,0.007654079352505505,0.00135739054530859,0.0026940880343317986,0.0055434927344322205,0.009894128888845444,0.019759453088045116,0.00016038119792938232,0.03605780005455017
DUP_G,40,01/test/ko/0041.bmp,1,abnormal_normal,32x32,68,832,0.006115262871809626,0.0,0.0005830335430800915,0.002930979710072279,0.009024044498801231,0.0210948409512639,0.0,0.06547781080007553
DUP_G,40,01/test/ko/0041.bmp,1,defect,32x32,68,192,0.01239795766499204,0.001568809151649475,0.007794730365276337,0.011508617550134659,0.015465330332517624,0.025706316530704473,0.0,0.053141653537750244
DUP_G,40,01/test/ko/0041.bmp,1,clean_defect,32x32,68,124,0.01386520648074727,0.004677863791584969,0.009286008775234222,0.012575671076774597,0.016563260927796364,0.027707207202911373,0.00031973421573638916,0.053141653537750244
DUP_G,40,01/test/ko/0041.bmp,1,boundary,32x32,68,68,0.009722386295085443,0.0004721355624496937,0.003356223925948143,0.010151877999305725,0.013531450182199478,0.019443392008543014,0.0,0.03133086860179901
DUP_G,41,01/test/ko/0042.bmp,1,abnormal_normal,32x32,7,1017,0.004094941393314745,0.0,0.0001858063042163849,0.0017561521381139755,0.005937280133366585,0.015416657179594031,0.0,0.0535665825009346
DUP_G,41,01/test/ko/0042.bmp,1,defect,32x32,7,7,0.004465452262333461,0.002232646010816097,0.003065606579184532,0.004257485270500183,0.005553349852561951,0.007305321842432021,0.0019120387732982635,0.007850728929042816
DUP_G,41,01/test/ko/0042.bmp,1,clean_defect,32x32,7,0,,,,,,,,
DUP_G,41,01/test/ko/0042.bmp,1,boundary,32x32,7,7,0.004465452262333461,0.002232646010816097,0.003065606579184532,0.004257485270500183,0.005553349852561951,0.007305321842432021,0.0019120387732982635,0.007850728929042816
DUP_G,42,01/test/ko/0043.bmp,1,abnormal_normal,32x32,86,820,0.005173040025799376,0.0,0.00023449468426406384,0.002119594719260931,0.007628338411450386,0.019491574168205232,0.0,0.043667301535606384
DUP_G,42,01/test/ko/0043.bmp,1,defect,32x32,86,204,0.011847859805486366,0.0015064038336277008,0.005445543676614761,0.009728305041790009,0.016395654529333115,0.029660075902938836,0.0,0.04973328113555908
DUP_G,42,01/test/ko/0043.bmp,1,clean_defect,32x32,86,118,0.012272885779581837,0.0018120942637324334,0.0064852274954319,0.01060495339334011,0.016802065074443817,0.027001233771443364,0.0,0.04973328113555908
DUP_G,42,01/test/ko/0043.bmp,1,boundary,32x32,86,86,0.011264684631727463,0.0013519572094082832,0.005225440487265587,0.008652789518237114,0.014518439769744873,0.031336819753050804,0.0,0.04655177891254425
DUP_G,43,01/test/ko/0044.bmp,1,abnormal_normal,32x32,28,987,0.004823411726996703,0.0,0.00025633908808231354,0.001986980438232422,0.006801249459385872,0.01876862738281487,0.0,0.04394151270389557
DUP_G,43,01/test/ko/0044.bmp,1,defect,32x32,28,37,0.009889934665045223,0.0012111883610486985,0.004355579614639282,0.007792830467224121,0.014104947447776794,0.027562290430068963,0.00027529336512088776,0.03826892375946045
DUP_G,43,01/test/ko/0044.bmp,1,clean_defect,32x32,28,9,0.015236305279864205,0.002074504643678665,0.005291778594255447,0.015729285776615143,0.02031123638153076,0.03449258804321289,0.0017048902809619904,0.03826892375946045
DUP_G,43,01/test/ko/0044.bmp,1,boundary,32x32,28,28,0.008171458395996265,0.0010852242819964885,0.004247022792696953,0.006116930395364761,0.011465709656476974,0.018878459557890883,0.00027529336512088776,0.027245841920375824
DUP_G,44,01/test/ko/0045.bmp,1,abnormal_normal,32x32,15,1006,0.0034490257511322737,0.0,0.00017571001080796123,0.001207212801091373,0.004778583766892552,0.01365621667355299,0.0,0.03504769131541252
DUP_G,44,01/test/ko/0045.bmp,1,defect,32x32,15,18,0.008428435565696822,0.0009578533470630646,0.0030696187168359756,0.007651370018720627,0.011162104085087776,0.018379647284746163,0.0008236952126026154,0.022556573152542114
DUP_G,44,01/test/ko/0045.bmp,1,clean_defect,32x32,15,3,0.015977010130882263,0.008722977340221405,0.012687228620052338,0.017642542719841003,0.02009955793619156,0.022065170109272003,0.007731914520263672,0.022556573152542114
DUP_G,44,01/test/ko/0045.bmp,1,boundary,32x32,15,15,0.006918720652659734,0.0009341783821582794,0.00277554988861084,0.006410419940948486,0.009948383085429668,0.01650194562971592,0.0008236952126026154,0.017154917120933533
DUP_G,45,01/test/ko/0046.bmp,1,abnormal_normal,32x32,4,1019,0.0037650808394256836,0.0,7.450580596923828e-05,0.0013215141370892525,0.005534311756491661,0.015375487320125097,0.0,0.035855792462825775
DUP_G,45,01/test/ko/0046.bmp,1,defect,32x32,4,5,0.002518141083419323,0.0001399122178554535,0.0006995610892772675,0.0016954727470874786,0.0026938505470752716,0.006540226936340331,0.0,0.007501821033656597
DUP_G,45,01/test/ko/0046.bmp,1,clean_defect,32x32,4,1,0.0,0.0,0.0,0.0,0.0,0.0,0.0,0.0
DUP_G,45,01/test/ko/0046.bmp,1,boundary,32x32,4,4,0.0031476763542741537,0.0008489478379487992,0.0014464948326349258,0.002194661647081375,0.003895843168720603,0.006780625460669397,0.0006995610892772675,0.007501821033656597
DUP_G,46,01/test/ko/0047.bmp,1,abnormal_normal,32x32,106,835,0.005486064660502319,0.0,0.00041638780385255814,0.002315700054168701,0.008572161197662354,0.01988992840051651,0.0,0.049682699143886566
DUP_G,46,01/test/ko/0047.bmp,1,defect,32x32,106,189,0.008479113276633952,0.00043630637228488924,0.003272444009780884,0.006937704980373383,0.012551844120025635,0.021019639074802397,0.0,0.03483092784881592
DUP_G,46,01/test/ko/0047.bmp,1,clean_defect,32x32,106,83,0.008754856525415397,0.0017402328550815583,0.004087269306182861,0.0064546167850494385,0.012935582548379898,0.02065654098987579,0.00038458406925201416,0.03449063375592232
DUP_G,46,01/test/ko/0047.bmp,1,boundary,32x32,106,106,0.008263201110135272,8.444045670330524e-05,0.0023160483688116074,0.007329219952225685,0.012086749076843262,0.021043239161372185,0.0,0.03483092784881592
DUP_G,47,01/test/ko/0048.bmp,1,abnormal_normal,32x32,104,830,0.005292062711879522,0.0,0.000540643697604537,0.0020435061305761337,0.007643077522516251,0.019223820231854913,0.0,0.054442182183265686
DUP_G,47,01/test/ko/0048.bmp,1,defect,32x32,104,194,0.010242517903139911,0.0005079150199890138,0.004464362747967243,0.008793003857135773,0.01396401971578598,0.023030140995979307,0.0,0.04207441955804825
DUP_G,47,01/test/ko/0048.bmp,1,clean_defect,32x32,104,90,0.011955604867802725,0.0017520058900117876,0.006485166028141975,0.010653592646121979,0.01658645085990429,0.02354330867528915,5.3241848945617676e-05,0.03795848786830902
DUP_G,47,01/test/ko/0048.bmp,1,boundary,32x32,104,104,0.008760038799104782,0.00034529957920312885,0.0033961059525609016,0.007185235619544983,0.011813223361968994,0.022590893693268298,0.0,0.04207441955804825
DUP_G,48,01/test/ko/0049.bmp,1,abnormal_normal,32x32,89,812,0.005240386776600877,0.0,0.00019699824042618275,0.00225968100130558,0.007625614758580923,0.019726763665676106,0.0,0.05495244264602661
DUP_G,48,01/test/ko/0049.bmp,1,defect,32x32,89,212,0.010719100900767546,0.0,0.003975784406065941,0.008662082254886627,0.01466391235589981,0.02999464869499204,0.0,0.044956400990486145
DUP_G,48,01/test/ko/0049.bmp,1,clean_defect,32x32,89,123,0.011958626257937128,0.00020718500018119846,0.0052227601408958435,0.010683298110961914,0.015349075198173523,0.033202745020389536,0.0,0.041600629687309265
DUP_G,48,01/test/ko/0049.bmp,1,boundary,32x32,89,89,0.009006049002656776,0.0,0.0027091503143310547,0.0065502747893333435,0.012169856578111649,0.024502223730087265,0.0,0.044956400990486145
DUP_G,49,01/test/ok/0000.bmp,0,normal_image,32x32,0,1024,0.003773709986319318,0.0,0.0001346720673609525,0.001293528825044632,0.005208433140069246,0.015709172934293733,0.0,0.05083426088094711
DUP_G,50,01/test/ok/0001.bmp,0,normal_image,32x32,0,1024,0.004082011569835231,0.0,5.5283308029174805e-05,0.0012191133573651314,0.005950513295829296,0.016727599129080766,0.0,0.050448596477508545
DUP_G,51,01/test/ok/0002.bmp,0,normal_image,32x32,0,1024,0.0037565040384208714,0.0,0.0001377412409055978,0.001518984790891409,0.005317235365509987,0.014611657150089734,0.0,0.04269643500447273
DUP_G,52,01/test/ok/0003.bmp,0,normal_image,32x32,0,1024,0.0034808441993163797,0.0,7.634283974766731e-06,0.00101487769279629,0.005491018295288086,0.01368496157228946,0.0,0.04192487895488739
DUP_G,53,01/test/ok/0004.bmp,0,normal_image,32x32,0,1024,0.0033698110016473493,0.0,8.508563041687012e-06,0.0008644163608551025,0.00472119590267539,0.013987061800435182,0.0,0.04865473881363869
DUP_G,54,01/test/ok/0005.bmp,0,normal_image,32x32,0,1024,0.003452700431324729,0.0,9.362847777083516e-06,0.000815272331237793,0.004774731118232012,0.014997810125350943,0.0,0.03764744848012924
DUP_G,55,01/test/ok/0006.bmp,0,normal_image,32x32,0,1024,0.003166062249817969,0.0,1.5566591173410416e-05,0.0007524192333221436,0.004217048641294241,0.013581080548465251,0.0,0.04253742843866348
DUP_G,56,01/test/ok/0007.bmp,0,normal_image,32x32,0,1024,0.0038177369036702657,0.0,0.0,0.0008456502109766006,0.005383308045566082,0.016911273542791604,0.0,0.03626224398612976
DUP_G,57,01/test/ok/0008.bmp,0,normal_image,32x32,0,1024,0.0033171879514100056,0.0,9.942048927769065e-05,0.0011407630518078804,0.004704881925135851,0.01294992379844187,0.0,0.033433396369218826
DUP_G,58,01/test/ok/0009.bmp,0,normal_image,32x32,0,1024,0.00380187292276446,0.0,0.00019704306032508612,0.0012620585039258003,0.005088795442134142,0.016133029386401144,0.0,0.03689787909388542
DUP_G,59,01/test/ok/0010.bmp,0,normal_image,32x32,0,1024,0.0036574607019588257,0.0,0.00015915936091914773,0.001048057689331472,0.005314071662724018,0.015157369989901765,0.0,0.03728194907307625
DUP_G,60,01/test/ok/0011.bmp,0,normal_image,32x32,0,1024,0.004086210876153018,0.0,6.690117879770696e-05,0.001565517857670784,0.006246537901461124,0.01584518542513251,0.0,0.04552650824189186
DUP_G,61,01/test/ok/0012.bmp,0,normal_image,32x32,0,1024,0.004068290021820076,0.0,6.037444109097123e-05,0.001173654687590897,0.0059416089206933975,0.017038511857390384,0.0,0.05929609015583992
DUP_G,62,01/test/ok/0013.bmp,0,normal_image,32x32,0,1024,0.003635892368237137,0.0,0.0001378702581860125,0.0009745161514729261,0.005402769893407822,0.015129451919347035,0.0,0.03269602730870247
DUP_G,63,01/test/ok/0014.bmp,0,normal_image,32x32,0,1024,0.003904828004920091,0.0,0.00011452031321823597,0.0013117193011566997,0.005498014390468597,0.015231459680944652,0.0,0.044977229088544846
DUP_G,64,01/test/ok/0015.bmp,0,normal_image,32x32,0,1024,0.003524877555690864,0.0,2.6434718165546656e-05,0.0008069177274592221,0.004985309671610594,0.015163705777376888,0.0,0.044137194752693176
DUP_G,65,01/test/ok/0016.bmp,0,normal_image,32x32,0,1024,0.003654713768810325,0.0,2.9757560696452856e-05,0.00095467793289572,0.00513614690862596,0.01540462281554934,0.0,0.033936962485313416
DUP_G,66,01/test/ok/0017.bmp,0,normal_image,32x32,0,1024,0.0033296017631982977,0.0,2.9146613087505102e-05,0.0009908173233270645,0.004919720813632011,0.01418656464666128,0.0,0.03757117688655853
DUP_G,67,01/test/ok/0018.bmp,0,normal_image,32x32,0,1024,0.003536494461741313,0.0,3.897634451277554e-05,0.0007535023614764214,0.004681423539295793,0.016017314046621323,0.0,0.04057459533214569
DUP_G,68,01/test/ok/0019.bmp,0,normal_image,32x32,0,1024,0.003398831278389025,0.0,0.0,0.0010211268672719598,0.005177577957510948,0.0144358891993761,0.0,0.03610191494226456
DUP_G,69,01/test/ok/0020.bmp,0,normal_image,32x32,0,1024,0.0038003958290460105,0.0,9.051465895026922e-05,0.001193404197692871,0.00556836137548089,0.01528212064877152,0.0,0.04367009922862053
TRI_G,0,01/test/ko/0000.bmp,1,abnormal_normal,32x32,116,795,0.00896651285214338,2.379342913627634e-06,0.0011653406545519829,0.006011784076690674,0.013762220740318298,0.028203279897570606,0.0,0.09082160890102386
TRI_G,0,01/test/ko/0000.bmp,1,defect,32x32,116,229,0.022793400569058403,0.0037968210875988007,0.0152219757437706,0.021086961030960083,0.030207499861717224,0.04229251146316528,1.8894672393798828e-05,0.05923581123352051
TRI_G,0,01/test/ko/0000.bmp,1,clean_defect,32x32,116,113,0.02665684543615949,0.006454297155141831,0.017601553350687027,0.026271864771842957,0.034836024045944214,0.04642352163791654,0.0021635517477989197,0.05923581123352051
TRI_G,0,01/test/ko/0000.bmp,1,boundary,32x32,116,116,0.019029872379554755,0.0026114340871572495,0.012381007894873619,0.01837441325187683,0.026668844744563103,0.03638603910803795,1.8894672393798828e-05,0.04583457112312317
TRI_G,1,01/test/ko/0001.bmp,1,abnormal_normal,32x32,74,875,0.010283112503056016,0.0003050736151635647,0.0016929423436522484,0.007072925567626953,0.01673072762787342,0.029026191309094427,0.0,0.05244815722107887
TRI_G,1,01/test/ko/0001.bmp,1,defect,32x32,74,149,0.02280620149268,0.0024114947766065596,0.014231164008378983,0.021915242075920105,0.031780511140823364,0.041876101493835444,0.0,0.05696800351142883
TRI_G,1,01/test/ko/0001.bmp,1,clean_defect,32x32,74,75,0.026584798792997997,0.009626801311969756,0.018939562141895294,0.026525482535362244,0.03351447731256485,0.044087170064449295,0.004645310342311859,0.050408780574798584
TRI_G,1,01/test/ko/0001.bmp,1,boundary,32x32,74,74,0.01897654206668203,0.0016893980093300345,0.009132140781730413,0.018075548112392426,0.02616122178733349,0.04047832489013672,0.0,0.05696800351142883
TRI_G,2,01/test/ko/0002.bmp,1,abnormal_normal,32x32,61,948,0.007203282584423466,0.000110273202881217,0.0009121447801589966,0.004239371977746487,0.011315637035295367,0.02214758209884166,0.0,0.06563693284988403
TRI_G,2,01/test/ko/0002.bmp,1,defect,32x32,61,76,0.013342184284211774,0.002303723245859146,0.007513321936130524,0.010509086772799492,0.017927756533026695,0.030975734815001488,0.0006688646972179413,0.0479801669716835
TRI_G,2,01/test/ko/0002.bmp,1,clean_defect,32x32,61,15,0.014054316530625026,0.007736942544579506,0.009730562567710876,0.011438824236392975,0.016451088711619377,0.026694156229495995,0.007530957460403442,0.03174668550491333
TRI_G,2,01/test/ko/0002.bmp,1,boundary,32x32,61,61,0.013167069797388842,0.0014129895716905594,0.007089197635650635,0.00968237966299057,0.017940480262041092,0.03071875125169754,0.0006688646972179413,0.0479801669716835
TRI_G,3,01/test/ko/0003.bmp,1,abnormal_normal,32x32,8,1016,0.008073585603146,9.313225746154785e-10,0.0011273379204794765,0.004919031169265509,0.012571117375046015,0.025755449663847685,0.0,0.055638693273067474
TRI_G,3,01/test/ko/0003.bmp,1,defect,32x32,8,8,0.014659857610240579,0.004977721441537142,0.007515590637922287,0.008804403245449066,0.018895802088081837,0.03395854756236076,0.0037515591830015182,0.03702816367149353
TRI_G,3,01/test/ko/0003.bmp,1,clean_defect,32x32,8,0,,,,,,,,
TRI_G,3,01/test/ko/0003.bmp,1,boundary,32x32,8,8,0.014659857610240579,0.004977721441537142,0.007515590637922287,0.008804403245449066,0.018895802088081837,0.03395854756236076,0.0037515591830015182,0.03702816367149353
TRI_G,4,01/test/ko/0004.bmp,1,abnormal_normal,32x32,31,986,0.008967892739673392,8.400809019804001e-05,0.0012627297546714544,0.006120344623923302,0.013813690282404423,0.027166119776666164,0.0,0.06961612403392792
TRI_G,4,01/test/ko/0004.bmp,1,defect,32x32,31,38,0.020856109202692385,0.0010335188359022142,0.008140110410749912,0.01937974989414215,0.03272281773388386,0.044162909314036346,0.0004707612097263336,0.06398782134056091
TRI_G,4,01/test/ko/0004.bmp,1,clean_defect,32x32,31,7,0.018010234194142476,0.0027277804911136627,0.010928304865956306,0.019538789987564087,0.02449198067188263,0.030533314496278757,0.002634350210428238,0.03305792808532715
TRI_G,4,01/test/ko/0004.bmp,1,boundary,32x32,31,31,0.021498726140106877,0.0009203366935253143,0.008178496733307838,0.019220709800720215,0.034500602632761,0.04960687831044197,0.0004707612097263336,0.06398782134056091
TRI_G,5,01/test/ko/0005.bmp,1,abnormal_normal,32x32,64,903,0.009340131601704448,0.00022744201123714447,0.0012747077271342278,0.0060384273529052734,0.015482934191823006,0.026911540329456328,0.0,0.06639105081558228
TRI_G,5,01/test/ko/0005.bmp,1,defect,32x32,64,121,0.017366446015879142,0.002196747809648514,0.008990295231342316,0.014859937131404877,0.024727970361709595,0.037810131907463074,0.0,0.0692392885684967
TRI_G,5,01/test/ko/0005.bmp,1,clean_defect,32x32,64,57,0.01956385008075781,0.00817953646183014,0.012516781687736511,0.017023906111717224,0.02591530978679657,0.03667770624160764,0.006654202938079834,0.054058805108070374
TRI_G,5,01/test/ko/0005.bmp,1,boundary,32x32,64,64,0.015409383020596579,0.0011230858974158764,0.005376558750867844,0.011651549488306046,0.022318601608276367,0.03731546886265276,0.0,0.0692392885684967
TRI_G,6,01/test/ko/0006.bmp,1,abnormal_normal,32x32,70,880,0.010029530570715327,4.047346301376824e-05,0.001456385012716055,0.007963341195136309,0.015744364820420742,0.028541521728038786,0.0,0.05729026347398758
TRI_G,6,01/test/ko/0006.bmp,1,defect,32x32,70,144,0.0203886455985614,6.380202248692515e-05,0.010774815455079079,0.020091578364372253,0.02851891703903675,0.03869053944945335,0.0,0.07521338760852814
TRI_G,6,01/test/ko/0006.bmp,1,clean_defect,32x32,70,74,0.02472419764947247,0.00574495978653431,0.014655616134405136,0.024662822484970093,0.032158393412828445,0.043741758912801715,0.0019029676914215088,0.07521338760852814
TRI_G,6,01/test/ko/0006.bmp,1,boundary,32x32,70,70,0.015805347716169697,8.38190317153931e-10,0.0037853484973311424,0.0156380794942379,0.02229590341448784,0.03703833296895027,0.0,0.07124887406826019
TRI_G,7,01/test/ko/0007.bmp,1,abnormal_normal,32x32,61,924,0.009769474300838105,0.00028340225107967857,0.0015132487751543522,0.006023699417710304,0.014932055957615376,0.030920791253447526,0.0,0.06520530581474304
TRI_G,7,01/test/ko/0007.bmp,1,defect,32x32,61,100,0.015586446467787028,0.002162746712565422,0.007914711721241474,0.012719817459583282,0.0200619138777256,0.039886038005352016,0.0010484680533409119,0.051743343472480774
TRI_G,7,01/test/ko/0007.bmp,1,clean_defect,32x32,61,39,0.019116115111571092,0.005674581974744797,0.009375698864459991,0.014852769672870636,0.022448435425758362,0.04825365096330643,0.002132020890712738,0.05114453285932541
TRI_G,7,01/test/ko/0007.bmp,1,boundary,32x32,61,61,0.013329773072580823,0.0020729750394821167,0.007376238703727722,0.011134728789329529,0.016085900366306305,0.02919524908065796,0.0010484680533409119,0.051743343472480774
TRI_G,8,01/test/ko/0008.bmp,1,abnormal_normal,32x32,67,896,0.01088130061985534,0.00033391453325748444,0.0019467566162347794,0.00841180607676506,0.017070146277546883,0.029849814251065254,0.0,0.07424382865428925
TRI_G,8,01/test/ko/0008.bmp,1,defect,32x32,67,128,0.018412371282465756,0.003562641050666571,0.01204637624323368,0.018850110471248627,0.025180799886584282,0.03277697078883648,0.0,0.03901710361242294
TRI_G,8,01/test/ko/0008.bmp,1,clean_defect,32x32,67,61,0.021617736606324305,0.005373209714889526,0.017868906259536743,0.022043541073799133,0.026119396090507507,0.03316595405340195,0.0034962743520736694,0.034589558839797974
TRI_G,8,01/test/ko/0008.bmp,1,boundary,32x32,67,67,0.015494053599549763,0.0021570518612861636,0.008362393826246262,0.015593215823173523,0.020142927765846252,0.032421686500310895,0.0,0.03901710361242294
TRI_G,9,01/test/ko/0009.bmp,1,abnormal_normal,32x32,24,994,0.009154274186819335,9.313225746154785e-10,0.00126542744692415,0.006458393298089504,0.013659467454999685,0.029361088760197163,0.0,0.0678786113858223
TRI_G,9,01/test/ko/0009.bmp,1,defect,32x32,24,30,0.013920214399695397,0.0034285027533769606,0.008121496066451073,0.011731825768947601,0.017805579118430614,0.025418769940733905,0.0019013136625289917,0.04902460426092148
TRI_G,9,01/test/ko/0009.bmp,1,clean_defect,32x32,24,6,0.012542116766174635,0.007991014048457146,0.010050732642412186,0.011535834521055222,0.014943040907382965,0.018327522091567516,0.007412847131490707,0.019133709371089935
TRI_G,9,01/test/ko/0009.bmp,1,boundary,32x32,24,24,0.014264738808075586,0.003390498086810112,0.007877355441451073,0.0118836909532547,0.018148827366530895,0.025796606019139287,0.0019013136625289917,0.04902460426092148
TRI_G,10,01/test/ko/0010.bmp,1,abnormal_normal,32x32,141,753,0.009635359527491241,0.00010747835040092468,0.0013933982700109482,0.0063865408301353455,0.01525561511516571,0.028746588528156272,0.0,0.06974350661039352
TRI_G,10,01/test/ko/0010.bmp,1,defect,32x32,141,271,0.01998194201928443,0.002237597480416298,0.011971529573202133,0.019142240285873413,0.027372807264328003,0.04053881764411926,3.725290298461914e-09,0.05564016103744507
TRI_G,10,01/test/ko/0010.bmp,1,clean_defect,32x32,141,130,0.020949745206878735,0.00536193884909153,0.01396123692393303,0.019654404371976852,0.027776483446359634,0.04111495614051819,0.0005240067839622498,0.044488221406936646
TRI_G,10,01/test/ko/0010.bmp,1,boundary,32x32,141,141,0.01908964120802727,0.000515323132276535,0.009868346154689789,0.018077731132507324,0.027119725942611694,0.03967532515525818,3.725290298461914e-09,0.05564016103744507
TRI_G,11,01/test/ko/0011.bmp,1,abnormal_normal,32x32,19,1001,0.007072754830834209,0.0,0.0006176235619932413,0.004476908594369888,0.011499704793095589,0.022008240222930908,0.0,0.04634932801127434
TRI_G,11,01/test/ko/0011.bmp,1,defect,32x32,19,23,0.012735148810822031,0.004611838795244694,0.00745728611946106,0.01129007525742054,0.018609249033033848,0.022813136503100392,0.002069275826215744,0.029108963906764984
TRI_G,11,01/test/ko/0011.bmp,1,clean_defect,32x32,19,4,0.014227536972612143,0.0077073219232261184,0.010236324276775122,0.014679881744086742,0.018671094439923763,0.020114469341933727,0.007075071334838867,0.020475313067436218
TRI_G,11,01/test/ko/0011.bmp,1,boundary,32x32,19,19,0.012420961829392533,0.004290875792503357,0.00745728611946106,0.009087467566132545,0.017081263475120068,0.023524192348122582,0.002069275826215744,0.029108963906764984
TRI_G,12,01/test/ko/0012.bmp,1,abnormal_normal,32x32,40,958,0.008685397463490981,0.00015111223328858616,0.0010296062100678682,0.005818221718072891,0.01407952280715108,0.025598013587296003,0.0,0.10394151508808136
TRI_G,12,01/test/ko/0012.bmp,1,defect,32x32,40,66,0.014804431194947525,0.0022457006853073835,0.008906649891287088,0.014792179688811302,0.01893492415547371,0.029102694243192673,0.0013086814433336258,0.05173274874687195
TRI_G,12,01/test/ko/0012.bmp,1,clean_defect,32x32,40,26,0.018783775086586293,0.010350724682211876,0.013905273750424385,0.017198748886585236,0.019825726747512817,0.03625324368476868,0.0031838715076446533,0.05173274874687195
TRI_G,12,01/test/ko/0012.bmp,1,boundary,32x32,40,40,0.012217857665382326,0.0019508518278598785,0.005297798663377762,0.012155711650848389,0.018558230251073837,0.023315000161528574,0.0013086814433336258,0.03063075989484787
TRI_G,13,01/test/ko/0013.bmp,1,abnormal_normal,32x32,46,964,0.008163902280838672,8.808287093415859e-05,0.0009602124337106943,0.0051785921677947044,0.012419310864061117,0.026075800042599396,0.0,0.06322943419218063
TRI_G,13,01/test/ko/0013.bmp,1,defect,32x32,46,60,0.0144093442397813,0.0018338572233915333,0.008421879261732101,0.012265250086784363,0.01665943907573819,0.033939661085605616,3.725290298461914e-09,0.05958119034767151
TRI_G,13,01/test/ko/0013.bmp,1,clean_defect,32x32,46,14,0.013809441455772944,0.0016538802534341811,0.008647596463561058,0.012265250086784363,0.01992894895374775,0.026374904438853264,0.0002778396010398865,0.027757570147514343
TRI_G,13,01/test/ko/0013.bmp,1,boundary,32x32,46,46,0.014591923347957756,0.002365296706557274,0.00841132178902626,0.012302303686738014,0.015998071525245905,0.03582056611776352,3.725290298461914e-09,0.05958119034767151
TRI_G,14,01/test/ko/0014.bmp,1,abnormal_normal,32x32,116,805,0.008849379705461841,0.00023565366864204408,0.0010304059833288193,0.005350589752197266,0.013819975778460503,0.02846412807703017,0.0,0.04757797718048096
TRI_G,14,01/test/ko/0014.bmp,1,defect,32x32,116,219,0.01970795030837462,0.003820426389575005,0.012763239443302155,0.018144458532333374,0.025441095232963562,0.04047045558691024,0.0,0.0558977872133255
TRI_G,14,01/test/ko/0014.bmp,1,clean_defect,32x32,116,103,0.023633711799545196,0.008849531412124634,0.01592317782342434,0.021487347781658173,0.030706007033586502,0.044453231990337363,0.0042502135038375854,0.0558977872133255
TRI_G,14,01/test/ko/0014.bmp,1,boundary,32x32,116,116,0.01622214484638695,0.001793057657778263,0.009345389902591705,0.015505973249673843,0.022660336457192898,0.03576888516545296,0.0,0.04401677846908569
TRI_G,15,01/test/ko/0015.bmp,1,abnormal_normal,32x32,98,836,0.009684991701416956,5.4444302804768085e-05,0.0010933184530586004,0.006750614382326603,0.015075050294399261,0.02914936374872923,0.0,0.1910945475101471
TRI_G,15,01/test/ko/0015.bmp,1,defect,32x32,98,188,0.019161412175348464,0.0005028500221669672,0.008941029198467731,0.017956314608454704,0.027367452159523964,0.04359094239771368,0.0,0.05678139626979828
TRI_G,15,01/test/ko/0015.bmp,1,clean_defect,32x32,98,90,0.021501572471525933,0.006079184263944626,0.01235245168209076,0.02199384942650795,0.02953237108886242,0.039801692962646476,0.0013839155435562134,0.0544566810131073
TRI_G,15,01/test/ko/0015.bmp,1,boundary,32x32,98,98,0.017012285372736503,1.5832483768463145e-09,0.005167410243302584,0.014721948653459549,0.02642519399523735,0.046119131892919524,0.0,0.05678139626979828
TRI_G,16,01/test/ko/0016.bmp,1,abnormal_normal,32x32,69,824,0.009707610321217624,0.0001283284742385149,0.00138023030012846,0.00619889423251152,0.0152650848031044,0.029934363067150107,0.0,0.06058427691459656
TRI_G,16,01/test/ko/0016.bmp,1,defect,32x32,69,200,0.022835629461333155,0.005483912490308285,0.013710031285881996,0.02156291902065277,0.030479956418275833,0.0442977599799633,3.725290298461914e-09,0.05948333442211151
TRI_G,16,01/test/ko/0016.bmp,1,clean_defect,32x32,69,131,0.02601376926625958,0.009955357760190964,0.01699063926935196,0.024311929941177368,0.032676249742507935,0.04554685205221176,0.0035180673003196716,0.05948333442211151
TRI_G,16,01/test/ko/0016.bmp,1,boundary,32x32,69,69,0.016801769831690235,0.003332075104117394,0.008272655308246613,0.015717819333076477,0.022844895720481873,0.036103802919387806,3.725290298461914e-09,0.04203997552394867
TRI_G,17,01/test/ko/0017.bmp,1,abnormal_normal,32x32,18,993,0.009573345967546885,0.0002040347084403038,0.0016905274242162704,0.007227958180010319,0.01476600393652916,0.02687318474054336,0.0,0.05974474176764488
TRI_G,17,01/test/ko/0017.bmp,1,defect,32x32,18,31,0.02476836945260725,0.00873078964650631,0.017395123839378357,0.021055907011032104,0.027336101979017258,0.05226507782936096,0.0012397393584251404,0.055887579917907715
TRI_G,17,01/test/ko/0017.bmp,1,clean_defect,32x32,18,13,0.03387255336229618,0.018812543898820876,0.023592814803123474,0.025773681700229645,0.04713268578052521,0.054529881477355956,0.01783670485019684,0.055887579917907715
TRI_G,17,01/test/ko/0017.bmp,1,boundary,32x32,18,18,0.018193125517831907,0.004340252652764321,0.015950954519212246,0.017699552699923515,0.021467234939336777,0.029294791817665096,0.0012397393584251404,0.031540319323539734
TRI_G,18,01/test/ko/0018.bmp,1,abnormal_normal,32x32,35,980,0.007103457531597161,4.072395386174322e-05,0.0007508202688768506,0.004325926303863525,0.010846265126019716,0.022718197945505378,0.0,0.05893436819314957
TRI_G,18,01/test/ko/0018.bmp,1,defect,32x32,35,44,0.013889804270795801,0.004639611672610044,0.008525957353413105,0.012668516486883163,0.01968916319310665,0.026179743185639384,0.0015657991170883179,0.031848907470703125
TRI_G,18,01/test/ko/0018.bmp,1,clean_defect,32x32,35,9,0.01580383587214682,0.009792245924472809,0.010533712804317474,0.01715720072388649,0.01868482679128647,0.024408255517482755,0.009704731404781342,0.02742747962474823
TRI_G,18,01/test/ko/0018.bmp,1,boundary,32x32,35,35,0.013397624716162682,0.004446958377957344,0.007491800002753735,0.012383781373500824,0.01975192502140999,0.025036086887121195,0.0015657991170883179,0.031848907470703125
TRI_G,19,01/test/ko/0019.bmp,1,abnormal_normal,32x32,8,1012,0.009144966801160968,0.00018131844699382783,0.001269386149942875,0.006527118384838104,0.01458993786945939,0.027030791528522967,0.0,0.05686553567647934
TRI_G,19,01/test/ko/0019.bmp,1,defect,32x32,8,12,0.0247811662654082,0.009958813339471817,0.017159223556518555,0.02308751456439495,0.030819253996014595,0.043809337168931956,0.001873791217803955,0.047841206192970276
TRI_G,19,01/test/ko/0019.bmp,1,clean_defect,32x32,8,4,0.02222328819334507,0.016651179641485214,0.016960572451353073,0.021043919026851654,0.02630663476884365,0.029446513578295707,0.01657383143901825,0.030231483280658722
TRI_G,19,01/test/ko/0019.bmp,1,boundary,32x32,8,8,0.026060105301439762,0.0072318285703659065,0.018586058169603348,0.02471817657351494,0.034564558416604996,0.045275471359491344,0.001873791217803955,0.047841206192970276
TRI_G,20,01/test/ko/0020.bmp,1,abnormal_normal,32x32,23,990,0.010433622644602725,0.00018174750730395317,0.0016685775481164455,0.008809170685708523,0.0165110407397151,0.02869673166424036,0.0,0.0611133798956871
TRI_G,20,01/test/ko/0020.bmp,1,defect,32x32,23,34,0.018009276403223768,0.00313867274671793,0.010103434324264526,0.01871154084801674,0.024946345947682858,0.0337198182940483,0.0,0.03997286409139633
TRI_G,20,01/test/ko/0020.bmp,1,clean_defect,32x32,23,11,0.023149224506183105,0.01078493520617485,0.017874930053949356,0.021562017500400543,0.028698280453681946,0.03825785592198372,0.007318772375583649,0.03997286409139633
TRI_G,20,01/test/ko/0020.bmp,1,boundary,32x32,23,23,0.015551040353982346,0.0021223377436399462,0.008060872554779053,0.01707760989665985,0.02293970249593258,0.02949581481516361,0.0,0.030523858964443207
TRI_G,21,01/test/ko/0021.bmp,1,abnormal_normal,32x32,53,966,0.007116821865569492,0.00011098920367658138,0.0005999159184284508,0.003920555114746094,0.01093428023159504,0.025103018153458834,0.0,0.07785794138908386
TRI_G,21,01/test/ko/0021.bmp,1,defect,32x32,53,58,0.006093940876247683,0.0002030243049375713,0.0006228986894711852,0.001389305223710835,0.008662675973027945,0.022034639306366437,0.0,0.03154981508851051
TRI_G,21,01/test/ko/0021.bmp,1,clean_defect,32x32,53,5,0.012718376144766808,0.004974198713898659,0.008883120492100716,0.014649547636508942,0.014733675867319107,0.020009589940309522,0.0039969682693481445,0.02132856845855713
TRI_G,21,01/test/ko/0021.bmp,1,boundary,32x32,53,53,0.005468994152802482,0.0002021153923124075,0.0005516809178516269,0.0011957883834838867,0.008083006367087364,0.021531946584582316,0.0,0.03154981508851051
TRI_G,22,01/test/ko/0022.bmp,1,abnormal_normal,32x32,30,983,0.009491701210808248,0.0002544946037232876,0.0013038325123488903,0.006227456033229828,0.014742378145456314,0.028106882050633424,0.0,0.0729629248380661
TRI_G,22,01/test/ko/0022.bmp,1,defect,32x32,30,41,0.017999657066311778,0.00046177860349416733,0.0068436115980148315,0.018524453043937683,0.024970173835754395,0.03571018576622009,3.725290298461914e-09,0.04025860130786896
TRI_G,22,01/test/ko/0022.bmp,1,clean_defect,32x32,30,11,0.02367029305208813,0.007939377799630165,0.021057698875665665,0.023592524230480194,0.0288577601313591,0.036651916801929474,3.725290298461914e-09,0.04025860130786896
TRI_G,22,01/test/ko/0022.bmp,1,boundary,32x32,30,30,0.015920423871527114,0.0005239794496446848,0.005859176628291607,0.017014874145388603,0.02315121702849865,0.034301174432039255,3.725290298461914e-09,0.04006524384021759
TRI_G,23,01/test/ko/0023.bmp,1,abnormal_normal,32x32,45,965,0.007603358628151099,6.037550047039986e-05,0.0008377037011086941,0.004683077335357666,0.011880559846758842,0.024002933502197264,0.0,0.07903236150741577
TRI_G,23,01/test/ko/0023.bmp,1,defect,32x32,45,59,0.01464250311255455,0.0031601583585143095,0.006697189062833786,0.012618720531463623,0.019873246550559998,0.032766012847423545,0.0012505054473876953,0.04933369904756546
TRI_G,23,01/test/ko/0023.bmp,1,clean_defect,32x32,45,14,0.026571051882846013,0.017359832860529424,0.019378269091248512,0.02424716204404831,0.0289930310100317,0.04640139006078243,0.015129249542951584,0.04933369904756546
TRI_G,23,01/test/ko/0023.bmp,1,boundary,32x32,45,45,0.010931399050686094,0.0018453035503625873,0.005479415878653526,0.009584784507751465,0.015349052846431732,0.022388954460620877,0.0012505054473876953,0.033916935324668884
TRI_G,24,01/test/ko/0024.bmp,1,abnormal_normal,32x32,71,874,0.010489578033292354,3.725290298461914e-09,0.0018538497388362885,0.00845518708229065,0.016395654529333115,0.028735287114977835,0.0,0.08603183925151825
TRI_G,24,01/test/ko/0024.bmp,1,defect,32x32,71,150,0.0204957174261411,0.002522721514105797,0.012254169210791588,0.019745636731386185,0.028074214234948158,0.03890486359596252,3.725290298461914e-09,0.0450836718082428
TRI_G,24,01/test/ko/0024.bmp,1,clean_defect,32x32,71,79,0.02334238560516623,0.005469379574060441,0.017087798565626144,0.021704301238059998,0.030479371547698975,0.04279354959726333,0.0004152655601501465,0.0450836718082428
TRI_G,24,01/test/ko/0024.bmp,1,boundary,32x32,71,71,0.01732829790300047,0.0016055777668952942,0.009792909026145935,0.017008669674396515,0.024207476526498795,0.03493276983499527,3.725290298461914e-09,0.03836086392402649
TRI_G,25,01/test/ko/0025.bmp,1,abnormal_normal,32x32,34,980,0.009457265948686672,0.00018419595435261729,0.0014973487704992294,0.006517748348414898,0.014880325645208359,0.027651115506887432,0.0,0.06255809962749481
TRI_G,25,01/test/ko/0025.bmp,1,defect,32x32,34,44,0.015732405876571483,0.005340608023107052,0.009022296406328678,0.012250302359461784,0.020686822943389416,0.0343120301142335,0.0039381831884384155,0.04235577583312988
TRI_G,25,01/test/ko/0025.bmp,1,clean_defect,32x32,34,10,0.01245737299323082,0.004350742138922214,0.005466804839670658,0.012664314359426498,0.01738438941538334,0.02280399464070796,0.0039381831884384155,0.02681449055671692
TRI_G,25,01/test/ko/0025.bmp,1,boundary,32x32,34,34,0.01669565084225991,0.00803707130253315,0.009412173181772232,0.012250302359461784,0.021394618786871433,0.03687269054353236,0.005525648593902588,0.04235577583312988
TRI_G,26,01/test/ko/0026.bmp,1,abnormal_normal,32x32,14,1000,0.008690473252674564,4.106760025024421e-06,0.0008289963006973267,0.0058430153876543045,0.013842768967151642,0.02703183358535169,0.0,0.061512190848588943
TRI_G,26,01/test/ko/0026.bmp,1,defect,32x32,14,24,0.020167988957837224,0.004372343234717847,0.015328951179981232,0.019463226199150085,0.025988886132836342,0.033277683705091474,1.862645149230957e-09,0.03970671445131302
TRI_G,26,01/test/ko/0026.bmp,1,clean_defect,32x32,14,10,0.021353105455636977,0.010522457212209702,0.01648031733930111,0.019463226199150085,0.028410926461219788,0.03260747566819191,0.009909257292747498,0.03361278772354126
TRI_G,26,01/test/ko/0026.bmp,1,boundary,32x32,14,14,0.01932147717369454,0.0022069071419537067,0.015177689492702484,0.020014237612485886,0.025308948010206223,0.032287765294313424,1.862645149230957e-09,0.03970671445131302
TRI_G,27,01/test/ko/0028.bmp,1,abnormal_normal,32x32,81,855,0.011540238560879962,0.0,0.0006743771955370903,0.008814118802547455,0.01936650648713112,0.0318191923201084,0.0,0.05132109671831131
TRI_G,27,01/test/ko/0028.bmp,1,defect,32x32,81,169,0.0250684668657166,0.00162009671330452,0.0165366530418396,0.023142248392105103,0.034192681312561035,0.053031131625175455,0.0,0.07045210897922516
TRI_G,27,01/test/ko/0028.bmp,1,clean_defect,32x32,81,88,0.029903274071826177,0.012932057492434978,0.018947064876556396,0.027549564838409424,0.039799921214580536,0.057292646169662446,0.0020247548818588257,0.06022578477859497
TRI_G,27,01/test/ko/0028.bmp,1,boundary,32x32,81,81,0.019815836814634592,3.725290298461914e-09,0.00681537389755249,0.020798802375793457,0.027283132076263428,0.04519034922122955,0.0,0.07045210897922516
TRI_G,28,01/test/ko/0029.bmp,1,abnormal_normal,32x32,45,949,0.008887641333795307,1.357039436697968e-05,0.0009452495723962784,0.006276924163103104,0.014223285019397736,0.02658257260918614,0.0,0.0597943440079689
TRI_G,28,01/test/ko/0029.bmp,1,defect,32x32,45,75,0.020973572532335918,0.0031196001917123796,0.011098578572273254,0.01876048743724823,0.02882707491517067,0.04476497024297713,0.0,0.052675843238830566
TRI_G,28,01/test/ko/0029.bmp,1,clean_defect,32x32,45,30,0.0226323322703441,0.008055250346660615,0.01606152206659317,0.02273227460682392,0.02746649459004402,0.039686424285173404,0.006178088486194611,0.04244089126586914
TRI_G,28,01/test/ko/0029.bmp,1,boundary,32x32,45,45,0.01986773270699713,0.0025720953941345214,0.009239237755537033,0.0156995952129364,0.029543772339820862,0.05080519467592238,0.0,0.052675843238830566
TRI_G,29,01/test/ko/0030.bmp,1,abnormal_normal,32x32,21,991,0.007811568975453307,4.656612873077393e-10,0.0009906589984893799,0.0051433853805065155,0.012330673635005951,0.024316878989338875,0.0,0.06343526393175125
TRI_G,29,01/test/ko/0030.bmp,1,defect,32x32,21,33,0.014995381800514278,0.0035319343209266663,0.00913187861442566,0.013162121176719666,0.019842490553855896,0.027715229988098142,0.0016799010336399078,0.042707111686468124
TRI_G,29,01/test/ko/0030.bmp,1,clean_defect,32x32,21,12,0.015622344488898912,0.007291650772094727,0.010492736473679543,0.016232021152973175,0.020160291343927383,0.024229556322097775,0.007154922932386398,0.026657801121473312
TRI_G,29,01/test/ko/0030.bmp,1,boundary,32x32,21,21,0.014637117407151632,0.0029383301734924316,0.009120304137468338,0.012913845479488373,0.019642118364572525,0.029247086495161057,0.0016799010336399078,0.042707111686468124
TRI_G,30,01/test/ko/0031.bmp,1,abnormal_normal,32x32,3,1019,0.006091562598832665,0.00013286680914461618,0.0006243985262699425,0.0033322377130389214,0.009257773868739605,0.020352468639612185,0.0,0.050270721316337585
TRI_G,30,01/test/ko/0031.bmp,1,defect,32x32,3,5,0.008546580001711846,0.004669332876801491,0.006730558350682259,0.007510721683502197,0.010868452489376068,0.012949003279209137,0.004154026508331299,0.013469140976667404
TRI_G,30,01/test/ko/0031.bmp,1,clean_defect,32x32,3,2,0.009189587086439133,0.007678608223795891,0.008350154384970665,0.009189587086439133,0.0100290197879076,0.010700565949082374,0.007510721683502197,0.010868452489376068
TRI_G,30,01/test/ko/0031.bmp,1,boundary,32x32,3,3,0.008117908611893654,0.004411679692566395,0.005442292429506779,0.006730558350682259,0.010099849663674831,0.012795282714068889,0.004154026508331299,0.013469140976667404
TRI_G,31,01/test/ko/0032.bmp,1,abnormal_normal,32x32,59,906,0.009726254384354103,0.00034762441646307707,0.0015306082786992192,0.006914995610713959,0.014958545565605164,0.027982894331216812,0.0,0.05825493857264519
TRI_G,31,01/test/ko/0032.bmp,1,defect,32x32,59,118,0.01938150483736042,0.003785117715597153,0.011518966406583786,0.018995746970176697,0.02642209827899933,0.03941611349582672,7.450580596923828e-09,0.04654565453529358
TRI_G,31,01/test/ko/0032.bmp,1,clean_defect,32x32,59,59,0.022065451400259794,0.004712139070034027,0.01551927998661995,0.020893588662147522,0.02890409529209137,0.039653182029724114,0.0034144967794418335,0.04654565453529358
TRI_G,31,01/test/ko/0032.bmp,1,boundary,32x32,59,59,0.016697558274461052,0.003301606699824334,0.010124756023287773,0.015360161662101746,0.02286946028470993,0.03496581614017485,7.450580596923828e-09,0.042947083711624146
TRI_G,32,01/test/ko/0033.bmp,1,abnormal_normal,32x32,5,1018,0.006051941469767084,4.656612873077393e-10,0.0004286521580070257,0.0027051176875829697,0.00958661874756217,0.022389995213598014,0.0,0.0439586266875267
TRI_G,32,01/test/ko/0033.bmp,1,defect,32x32,5,6,0.020785753304759663,0.003604244440793991,0.01044017169624567,0.019450616091489792,0.029450764879584312,0.04064530227333307,0.0019790343940258026,0.04361341521143913
TRI_G,32,01/test/ko/0033.bmp,1,clean_defect,32x32,5,1,0.022580169141292572,0.022580169141292572,0.022580169141292572,0.022580169141292572,0.022580169141292572,0.022580169141292572,0.022580169141292572,0.022580169141292572
TRI_G,32,01/test/ko/0033.bmp,1,boundary,32x32,5,5,0.02042687013745308,0.0032792024314403532,0.008479874581098557,0.01632106304168701,0.03174096345901489,0.04123892486095428,0.0019790343940258026,0.04361341521143913
TRI_G,33,01/test/ko/0034.bmp,1,abnormal_normal,32x32,15,1003,0.0062688185149991325,1.701787114143372e-05,0.0005726419622078538,0.0034474339336156845,0.009608795866370201,0.022413141466677187,0.0,0.04988693445920944
TRI_G,33,01/test/ko/0034.bmp,1,defect,32x32,15,21,0.01160195984301113,0.001833498477935791,0.005500718951225281,0.010139882564544678,0.014676112681627274,0.029709219932556152,0.0007988028228282928,0.03447383642196655
TRI_G,33,01/test/ko/0034.bmp,1,clean_defect,32x32,15,6,0.01646505855023861,0.005553312599658966,0.007316606119275093,0.01340462826192379,0.023390612564980984,0.03242923878133297,0.005500718951225281,0.03447383642196655
TRI_G,33,01/test/ko/0034.bmp,1,boundary,32x32,15,15,0.009656720360120137,0.0015230897814035417,0.005092283710837364,0.00685485452413559,0.012567621655762196,0.021611584350466714,0.0007988028228282928,0.029709219932556152
TRI_G,34,01/test/ko/0035.bmp,1,abnormal_normal,32x32,39,946,0.010024869704252821,0.0001509787980467081,0.0012403433211147785,0.0074295103549957275,0.01626270916312933,0.029198868200182915,0.0,0.054060228168964386
TRI_G,34,01/test/ko/0035.bmp,1,defect,32x32,39,78,0.018114446686246455,0.0023775661364197733,0.010855142958462238,0.01747669279575348,0.023806894198060036,0.03621285185217851,0.0012383460998535156,0.044934578239917755
TRI_G,34,01/test/ko/0035.bmp,1,clean_defect,32x32,39,39,0.01892498078254553,0.008347032964229584,0.014027401804924011,0.017656415700912476,0.0226735919713974,0.0327948234975338,0.0012383460998535156,0.044934578239917755
TRI_G,34,01/test/ko/0035.bmp,1,boundary,32x32,39,39,0.017303912589947384,0.0022321954369544984,0.007119212299585342,0.013529345393180847,0.023956961929798126,0.04262683391571045,0.0017868466675281525,0.04428120702505112
TRI_G,35,01/test/ko/0036.bmp,1,abnormal_normal,32x32,109,777,0.00935722612314396,0.00018370635807514194,0.001560291275382042,0.006537001579999924,0.013923685997724533,0.027123832702636685,0.0,0.06423336267471313
TRI_G,35,01/test/ko/0036.bmp,1,defect,32x32,109,247,0.020772188298615366,0.002819373644888401,0.011853467673063278,0.01987627148628235,0.02829740196466446,0.04191901385784148,0.0,0.06556548178195953
TRI_G,35,01/test/ko/0036.bmp,1,clean_defect,32x32,109,138,0.024632879573365917,0.009298678860068322,0.01717844419181347,0.024355389177799225,0.030013833194971085,0.045341506600379944,0.004029422998428345,0.06556548178195953
TRI_G,35,01/test/ko/0036.bmp,1,boundary,32x32,109,109,0.01588434062966513,0.00019218660891056065,0.007821500301361084,0.014450080692768097,0.023674815893173218,0.03994269967079162,0.0,0.05001392960548401
TRI_G,36,01/test/ko/0037.bmp,1,abnormal_normal,32x32,69,914,0.008603142986595794,0.00015896982513368131,0.001122123096138239,0.005123835988342762,0.01302378624677658,0.02859468869864939,0.0,0.06371874362230301
TRI_G,36,01/test/ko/0037.bmp,1,defect,32x32,69,110,0.02034839481454004,0.00397553201764822,0.010544541291892529,0.017160454764962196,0.027443869039416313,0.04568727314472198,1.862645149230957e-09,0.07043726742267609
TRI_G,36,01/test/ko/0037.bmp,1,clean_defect,32x32,69,41,0.02481896939074121,0.007388073951005936,0.013899572193622589,0.020877309143543243,0.0322665274143219,0.06384214758872986,0.003828287124633789,0.07043726742267609
TRI_G,36,01/test/ko/0037.bmp,1,boundary,32x32,69,69,0.017691966443174126,0.003683803230524063,0.009283110499382019,0.01635557785630226,0.02381734549999237,0.04323311299085615,1.862645149230957e-09,0.05170205235481262
TRI_G,37,01/test/ko/0038.bmp,1,abnormal_normal,32x32,12,1010,0.0070016519695584945,6.752088665962232e-10,0.0008802078664302826,0.004206678830087185,0.010466075036674738,0.02284552473574876,0.0,0.04887082055211067
TRI_G,37,01/test/ko/0038.bmp,1,defect,32x32,12,14,0.01677247722234045,0.0045487829484045506,0.01015115575864911,0.014947447925806046,0.024140489287674427,0.030579509772360323,0.0011549610644578934,0.033504605293273926
TRI_G,37,01/test/ko/0038.bmp,1,clean_defect,32x32,12,2,0.028173310682177544,0.027425277791917325,0.0277577368542552,0.028173310682177544,0.028588884510099888,0.028921343572437763,0.027342163026332855,0.029004458338022232
TRI_G,37,01/test/ko/0038.bmp,1,boundary,32x32,12,12,0.014872338312367598,0.0040266565047204494,0.009446787182241678,0.014455667696893215,0.01807315507903695,0.029173724539577957,0.0011549610644578934,0.033504605293273926
TRI_G,38,01/test/ko/0039.bmp,1,abnormal_normal,32x32,58,880,0.010157902262025427,0.00019754883833229543,0.0014182080049067736,0.007281800732016563,0.016277573071420193,0.029815959557890893,0.0,0.05238213390111923
TRI_G,38,01/test/ko/0039.bmp,1,defect,32x32,58,144,0.019662310485728085,0.0010666278190910817,0.011679165996611118,0.018879543989896774,0.02676093578338623,0.04339697808027266,1.5698373317718506e-05,0.054453328251838684
TRI_G,38,01/test/ko/0039.bmp,1,clean_defect,32x32,58,86,0.024037468615312908,0.009405083954334259,0.01642853580415249,0.024137847125530243,0.028100088238716125,0.04387956764549017,0.0028348788619041443,0.054453328251838684
TRI_G,38,01/test/ko/0039.bmp,1,boundary,32x32,58,58,0.01317500705220576,0.0007958853617310524,0.0041017066687345505,0.011630894616246223,0.021207772195339203,0.0276316974312067,1.5698373317718506e-05,0.0452834814786911
TRI_G,39,01/test/ko/0040.bmp,1,abnormal_normal,32x32,64,908,0.00787287693299427,9.672427549958229e-05,0.0008747382089495659,0.004470379091799259,0.012349688448011875,0.025268577598035333,0.0,0.0657791793346405
TRI_G,39,01/test/ko/0040.bmp,1,defect,32x32,64,116,0.01672378455385052,0.003326461650431156,0.008894323371350765,0.015430238097906113,0.024751853197813034,0.03151196055114269,0.0005126036703586578,0.049151450395584106
TRI_G,39,01/test/ko/0040.bmp,1,clean_defect,32x32,64,52,0.021145644382788584,0.0064574707299470905,0.014836461283266544,0.022662699222564697,0.026141325011849403,0.03516020216047764,0.0037630386650562286,0.049151450395584106
TRI_G,39,01/test/ko/0040.bmp,1,boundary,32x32,64,64,0.013131023442838341,0.0030139587819576264,0.006572728976607323,0.011275086551904678,0.018245535902678967,0.02912956271320581,0.0005126036703586578,0.042115144431591034
TRI_G,40,01/test/ko/0041.bmp,1,abnormal_normal,32x32,68,832,0.009831890441441478,0.00022017676383256918,0.001454520272091031,0.0068404898047447205,0.01500139944255352,0.029300859570503233,0.0,0.07076901197433472
TRI_G,40,01/test/ko/0041.bmp,1,defect,32x32,68,192,0.022855708239755284,0.0049543954432010665,0.015556331723928452,0.02304816246032715,0.02959684282541275,0.04140577018260955,0.0003217477351427078,0.051370978355407715
TRI_G,40,01/test/ko/0041.bmp,1,clean_defect,32x32,68,124,0.026055815719789075,0.012122634053230285,0.019629985094070435,0.025416366755962372,0.03204268589615822,0.042029295861721036,0.003173612058162689,0.051370978355407715
TRI_G,40,01/test/ko/0041.bmp,1,boundary,32x32,68,68,0.017020218129105428,0.0021414113231003284,0.010080122388899326,0.01598852127790451,0.023641221225261688,0.03380862846970557,0.0003217477351427078,0.04449315369129181
TRI_G,41,01/test/ko/0042.bmp,1,abnormal_normal,32x32,7,1017,0.007139086341572378,9.313225746154785e-10,0.000762065639719367,0.004364036023616791,0.01083398051559925,0.023662433773279187,0.0,0.05358138680458069
TRI_G,41,01/test/ko/0042.bmp,1,defect,32x32,7,7,0.0070649608969688416,0.0036891987547278404,0.004671325907111168,0.005355674773454666,0.009536391124129295,0.011562195792794227,0.0035003237426280975,0.0121832937002182
TRI_G,41,01/test/ko/0042.bmp,1,clean_defect,32x32,7,0,,,,,,,,
TRI_G,41,01/test/ko/0042.bmp,1,boundary,32x32,7,7,0.0070649608969688416,0.0036891987547278404,0.004671325907111168,0.005355674773454666,0.009536391124129295,0.011562195792794227,0.0035003237426280975,0.0121832937002182
TRI_G,42,01/test/ko/0043.bmp,1,abnormal_normal,32x32,86,820,0.008979884464089281,2.977382391691208e-05,0.0007928935810923576,0.005759032443165779,0.014526424929499626,0.027177367359399785,0.0,0.06297799199819565
TRI_G,42,01/test/ko/0043.bmp,1,defect,32x32,86,204,0.022984105691898103,0.005099528655409813,0.014330140314996243,0.0228570643812418,0.029138218611478806,0.04308047033846378,0.0014928802847862244,0.07011349499225616
TRI_G,42,01/test/ko/0043.bmp,1,clean_defect,32x32,86,118,0.02593916623016535,0.010322714596986771,0.017653509974479675,0.024973034858703613,0.031642619520425797,0.04473362397402524,0.005081400275230408,0.07011349499225616
TRI_G,42,01/test/ko/0043.bmp,1,boundary,32x32,86,86,0.01892948774404304,0.0025530755519866943,0.011401285417377949,0.01627035066485405,0.025435835123062134,0.03764826152473688,0.0014928802847862244,0.05436822772026062
TRI_G,43,01/test/ko/0044.bmp,1,abnormal_normal,32x32,28,987,0.008180623997324605,9.313225746154785e-10,0.001207074150443077,0.0054063983261585236,0.01369039248675108,0.024232194945216178,0.0,0.05213495343923569
TRI_G,43,01/test/ko/0044.bmp,1,defect,32x32,28,37,0.018212016092965733,0.0017102837562561035,0.009068064391613007,0.014864355325698853,0.023492097854614258,0.040227861702442164,0.0013153553009033203,0.09017853438854218
TRI_G,43,01/test/ko/0044.bmp,1,clean_defect,32x32,28,9,0.02737795602944162,0.007454536110162735,0.01058175414800644,0.019034549593925476,0.02942826598882675,0.07008233368396757,0.007419329136610031,0.09017853438854218
TRI_G,43,01/test/ko/0044.bmp,1,boundary,32x32,28,28,0.015265821113384195,0.0015262133907526733,0.008778899908065796,0.014231987297534943,0.020552942529320717,0.031029019318521017,0.0013153553009033203,0.041387178003787994
TRI_G,44,01/test/ko/0045.bmp,1,abnormal_normal,32x32,15,1006,0.006442733926797623,0.00016478699399158359,0.0007475665188394487,0.0032863630913197994,0.009506560396403074,0.022849436849355698,0.0,0.04982417821884155
TRI_G,44,01/test/ko/0045.bmp,1,defect,32x32,15,18,0.017975034192204475,0.0018749634735286235,0.005704572424292564,0.01568308938294649,0.01900260802358389,0.04146667309105389,0.0015106406062841415,0.08666316419839859
TRI_G,44,01/test/ko/0045.bmp,1,clean_defect,32x32,15,3,0.041293190171321235,0.018216155096888544,0.018608203157782555,0.01909826323390007,0.05288071371614933,0.07990667410194874,0.01811814308166504,0.08666316419839859
TRI_G,44,01/test/ko/0045.bmp,1,boundary,32x32,15,15,0.013311402996381123,0.0018106712028384208,0.004334807395935059,0.010949395596981049,0.017785820178687572,0.029710611701011653,0.0015106406062841415,0.03349082171916962
TRI_G,45,01/test/ko/0046.bmp,1,abnormal_normal,32x32,4,1019,0.006397044103654555,9.313225746154785e-10,0.0004984440747648478,0.00357973575592041,0.010160655248910189,0.02259919736534357,0.0,0.05606137216091156
TRI_G,45,01/test/ko/0046.bmp,1,defect,32x32,4,5,0.004074971750378608,0.00041819438338279723,0.0006995610892772675,0.0019285688176751137,0.006109537556767464,0.010253378376364707,0.0003478527069091797,0.011289338581264019
TRI_G,45,01/test/ko/0046.bmp,1,clean_defect,32x32,4,1,0.0003478527069091797,0.0003478527069091797,0.0003478527069091797,0.0003478527069091797,0.0003478527069091797,0.0003478527069091797,0.0003478527069091797,0.0003478527069091797
TRI_G,45,01/test/ko/0046.bmp,1,boundary,32x32,4,4,0.005006751511245966,0.0008839122485369444,0.0016213168855756521,0.004019053187221289,0.0074044878128916025,0.010512368427589534,0.0006995610892772675,0.011289338581264019
TRI_G,46,01/test/ko/0047.bmp,1,abnormal_normal,32x32,106,835,0.009397393935722505,0.00027024829760193827,0.0012834672816097736,0.0065405964851379395,0.01503070816397667,0.02791229262948036,0.0,0.058352477848529816
TRI_G,46,01/test/ko/0047.bmp,1,defect,32x32,106,189,0.01719323631927923,0.0006844501942396164,0.00873863697052002,0.015798553824424744,0.024327218532562256,0.03774830177426338,0.0,0.07779131829738617
TRI_G,46,01/test/ko/0047.bmp,1,clean_defect,32x32,106,83,0.019405451973518693,0.0033980157226324082,0.012187540531158447,0.017952363938093185,0.026073172688484192,0.03778260163962841,0.0017356723546981812,0.04922133684158325
TRI_G,46,01/test/ko/0047.bmp,1,boundary,32x32,106,106,0.015461029722091724,0.00016795634292066097,0.005667158868163824,0.01434200070798397,0.02045523189008236,0.03651318699121475,0.0,0.07779131829738617
TRI_G,47,01/test/ko/0048.bmp,1,abnormal_normal,32x32,104,830,0.008343390780164444,0.0003896437352523208,0.001212160277646035,0.0046311430633068085,0.013240446336567402,0.027192446030676356,0.0,0.05754855275154114
TRI_G,47,01/test/ko/0048.bmp,1,defect,32x32,104,194,0.02015589823773534,0.0032015742734074594,0.009417804889380932,0.020539693534374237,0.02796747535467148,0.042642705142498016,0.0,0.05122413486242294
TRI_G,47,01/test/ko/0048.bmp,1,clean_defect,32x32,104,90,0.02456975697229306,0.005197359248995781,0.018319392576813698,0.02499731257557869,0.03077787533402443,0.045872888714075084,0.0020707063376903534,0.05122413486242294
TRI_G,47,01/test/ko/0048.bmp,1,boundary,32x32,104,104,0.016336212794368084,0.002083886787295342,0.0074629709124565125,0.014678383246064186,0.022875594906508923,0.037084618210792536,0.0,0.04869578778743744
TRI_G,48,01/test/ko/0049.bmp,1,abnormal_normal,32x32,89,812,0.008632546173479739,8.652918040752478e-07,0.0010548285208642483,0.005504324100911617,0.013518385589122772,0.027690599672496305,0.0,0.05536035820841789
TRI_G,48,01/test/ko/0049.bmp,1,defect,32x32,89,212,0.02149090341309894,0.0013765912503004075,0.012238972820341587,0.02091759443283081,0.027756324037909508,0.04502712786197662,0.0,0.06459543108940125
TRI_G,48,01/test/ko/0049.bmp,1,clean_defect,32x32,89,123,0.024685822790715753,0.008949125558137894,0.015916548669338226,0.024874240159988403,0.031561221927404404,0.046077704429626457,3.725290298461914e-09,0.06459543108940125
TRI_G,48,01/test/ko/0049.bmp,1,boundary,32x32,89,89,0.01707545303729143,5.264505743980412e-05,0.008233591914176941,0.016783680766820908,0.0249205082654953,0.03676253631711006,0.0,0.05728936195373535
TRI_G,49,01/test/ok/0000.bmp,0,normal_image,32x32,0,1024,0.0065547281792532885,2.3283064365386963e-10,0.00048021480324678123,0.0031315386295318604,0.009928878396749496,0.023137255664914817,0.0,0.05984051898121834
TRI_G,50,01/test/ok/0001.bmp,0,normal_image,32x32,0,1024,0.007862576944717148,2.3273495025932825e-05,0.0012548572849482298,0.004784704186022282,0.011803498957306147,0.025247082300484162,0.0,0.05575961619615555
TRI_G,51,01/test/ok/0002.bmp,0,normal_image,32x32,0,1024,0.006671050204204221,2.3283064365386963e-10,0.0005598579300567508,0.004325510002672672,0.010173400631174445,0.022055727429687977,0.0,0.06178715080022812
TRI_G,52,01/test/ok/0003.bmp,0,normal_image,32x32,0,1024,0.005767582694176099,6.733738700859249e-05,0.000645821332000196,0.002718161791563034,0.008721248479560018,0.01952130617573857,0.0,0.05409100279211998
TRI_G,53,01/test/ok/0004.bmp,0,normal_image,32x32,0,1024,0.005636486209567693,0.0,0.0003196052275598049,0.0030570225790143013,0.008639601524919271,0.020186585467308758,0.0,0.04925525188446045
TRI_G,54,01/test/ok/0005.bmp,0,normal_image,32x32,0,1024,0.006041271727639241,1.1641532182693481e-10,0.00030247861286625266,0.0027199294418096542,0.009048810228705406,0.022784314397722463,0.0,0.0600699782371521
TRI_G,55,01/test/ok/0006.bmp,0,normal_image,32x32,0,1024,0.005424782018167207,1.0710209608078056e-09,0.0004258404078427702,0.0023239264264702797,0.008307771757245064,0.019853370729833838,0.0,0.047281663864851
TRI_G,56,01/test/ok/0007.bmp,0,normal_image,32x32,0,1024,0.006219671753058265,0.0,0.00020132967620156705,0.0019309623166918755,0.009782793931663036,0.024925968423485642,0.0,0.05713542550802231
TRI_G,57,01/test/ok/0008.bmp,0,normal_image,32x32,0,1024,0.005908837101060271,2.6595615781843663e-05,0.0004110386362299323,0.0027257315814495087,0.00901642581447959,0.021593684982508396,0.0,0.04110746085643768
TRI_G,58,01/test/ok/0009.bmp,0,normal_image,32x32,0,1024,0.0066704547622862265,4.587974399328235e-05,0.0005954705993644893,0.003775320015847683,0.010142649989575148,0.02240278013050556,0.0,0.044639330357313156
TRI_G,59,01/test/ok/0010.bmp,0,normal_image,32x32,0,1024,0.006323761859647448,1.338776201009757e-10,0.00048534583766013384,0.0033198189921677113,0.00991534674540162,0.021915543731302015,0.0,0.060455698519945145
TRI_G,60,01/test/ok/0011.bmp,0,normal_image,32x32,0,1024,0.00734208447789797,0.00018010139465332033,0.0011084279976785183,0.004420450888574123,0.0116155706346035,0.023402195330709218,0.0,0.04927941411733627
TRI_G,61,01/test/ok/0012.bmp,0,normal_image,32x32,0,1024,0.006714491875584372,2.8806098271161372e-05,0.0006233851891011,0.003462165594100952,0.010308874305337667,0.022774857096374036,0.0,0.056375883519649506
TRI_G,62,01/test/ok/0013.bmp,0,normal_image,32x32,0,1024,0.005888935545073082,1.566130667924883e-05,0.00043998175533488393,0.003079315647482872,0.009248944465070963,0.021418578270822754,0.0,0.03821001574397087
TRI_G,63,01/test/ok/0014.bmp,0,normal_image,32x32,0,1024,0.007084958830290589,9.714021580293776e-05,0.0008960517880041152,0.003706505987793207,0.010833472479134798,0.025052189361304038,0.0,0.045721590518951416
TRI_G,64,01/test/ok/0015.bmp,0,normal_image,32x32,0,1024,0.00598057659897222,2.677552402019514e-10,0.0004290990764275193,0.003259104210883379,0.008910174248740077,0.02040840592235326,0.0,0.05511779338121414
TRI_G,65,01/test/ok/0016.bmp,0,normal_image,32x32,0,1024,0.006063483002492376,0.0,0.0002964386949315667,0.00281320046633482,0.009666833095252514,0.021302803698927147,0.0,0.04835952818393707
TRI_G,66,01/test/ok/0017.bmp,0,normal_image,32x32,0,1024,0.006359531782550221,0.0,0.00034327819594182074,0.003470213618129492,0.009636880364269018,0.02314184298738835,0.0,0.049124933779239655
TRI_G,67,01/test/ok/0018.bmp,0,normal_image,32x32,0,1024,0.0057676224815566,2.3283064365386963e-10,0.0002636165008880198,0.002565602771937847,0.008741152007132769,0.022034427896142003,0.0,0.044354166835546494
TRI_G,68,01/test/ok/0019.bmp,0,normal_image,32x32,0,1024,0.005561795168603112,0.0,0.00012374436482787132,0.0025689604226499796,0.009342243894934654,0.018276682961732148,0.0,0.05872255936264992
TRI_G,69,01/test/ok/0020.bmp,0,normal_image,32x32,0,1024,0.006619619029322621,0.0,0.00044977170182392,0.0035960590466856956,0.010072460165247321,0.02277215477079153,0.0,0.05747205764055252
BAL_G,0,01/test/ko/0000.bmp,1,abnormal_normal,32x32,116,795,0.008667017903717808,3.5673379898071434e-06,0.0010438188910484314,0.0058612823486328125,0.013260811567306519,0.02581198364496231,0.0,0.10669662058353424
BAL_G,0,01/test/ko/0000.bmp,1,defect,32x32,116,229,0.02146630477176483,0.004752877354621887,0.01471082866191864,0.021206393837928772,0.028584688901901245,0.03839991688728332,2.8342008590698242e-05,0.05039891600608826
BAL_G,0,01/test/ko/0000.bmp,1,clean_defect,32x32,116,113,0.024562072569290095,0.007607001066207887,0.017275571823120117,0.024259179830551147,0.03184203803539276,0.039607149362564084,0.003245323896408081,0.05039891600608826
BAL_G,0,01/test/ko/0000.bmp,1,boundary,32x32,116,116,0.018450599934520393,0.002965915948152542,0.012216147035360336,0.01794813573360443,0.02371867746114731,0.0324363112449646,2.8342008590698242e-05,0.04427994787693024
BAL_G,1,01/test/ko/0001.bmp,1,abnormal_normal,32x32,74,875,0.009821610331535339,0.00038698911666870125,0.001518845558166504,0.00696156919002533,0.015982866287231445,0.027790971100330346,0.0,0.0558619499206543
BAL_G,1,01/test/ko/0001.bmp,1,defect,32x32,74,149,0.022662734525315715,0.0024166643619537354,0.014264464378356934,0.022325173020362854,0.03111998736858368,0.04212224483489989,0.0,0.06342852115631104
BAL_G,1,01/test/ko/0001.bmp,1,clean_defect,32x32,74,75,0.026596407492955526,0.011345882713794709,0.019813157618045807,0.026722729206085205,0.03233398497104645,0.043517799675464625,0.004793599247932434,0.06342852115631104
BAL_G,1,01/test/ko/0001.bmp,1,boundary,32x32,74,74,0.018675903814869957,0.0016623765230178835,0.008081618696451187,0.0188329815864563,0.027215618640184402,0.036898275464773166,0.0,0.05807608366012573
BAL_G,2,01/test/ko/0002.bmp,1,abnormal_normal,32x32,61,948,0.006873728196580701,0.00011948496103286746,0.000844072550535202,0.004330381751060486,0.011008810251951218,0.02057402580976486,0.0,0.08565032482147217
BAL_G,2,01/test/ko/0002.bmp,1,defect,32x32,61,76,0.012874347010725424,0.0022367388010025024,0.006284363567829132,0.011149771511554718,0.01654130220413208,0.029698166996240616,0.0008109807968139648,0.039330944418907166
BAL_G,2,01/test/ko/0002.bmp,1,clean_defect,32x32,61,15,0.013743012150128683,0.006701639294624329,0.009151607751846313,0.01289813220500946,0.01681671291589737,0.0233205884695053,0.005648210644721985,0.029892250895500183
BAL_G,2,01/test/ko/0002.bmp,1,boundary,32x32,61,61,0.01266074082890495,0.0017067790031433105,0.005904048681259155,0.01073649525642395,0.01649332046508789,0.02967040240764618,0.0008109807968139648,0.039330944418907166
BAL_G,3,01/test/ko/0003.bmp,1,abnormal_normal,32x32,8,1016,0.007794937221553382,0.0,0.0010167211294174194,0.004765711724758148,0.012393027544021606,0.024064522236585617,0.0,0.05104450881481171
BAL_G,3,01/test/ko/0003.bmp,1,defect,32x32,8,8,0.013289516791701317,0.0046367071568965915,0.006296142935752869,0.009412527084350586,0.016793128103017807,0.029536544531583782,0.0040493011474609375,0.03117409348487854
BAL_G,3,01/test/ko/0003.bmp,1,clean_defect,32x32,8,0,,,,,,,,
BAL_G,3,01/test/ko/0003.bmp,1,boundary,32x32,8,8,0.013289516791701317,0.0046367071568965915,0.006296142935752869,0.009412527084350586,0.016793128103017807,0.029536544531583782,0.0040493011474609375,0.03117409348487854
BAL_G,4,01/test/ko/0004.bmp,1,abnormal_normal,32x32,31,986,0.00844244323444173,0.00010351091623306274,0.0012255050241947174,0.00604846328496933,0.013222124427556992,0.02559167891740799,0.0,0.06381291151046753
BAL_G,4,01/test/ko/0004.bmp,1,defect,32x32,31,38,0.019819804712345724,0.0010890036821365357,0.007839582860469818,0.01903628557920456,0.028613880276679993,0.04325994774699211,0.0006535947322845459,0.055887624621391296
BAL_G,4,01/test/ko/0004.bmp,1,clean_defect,32x32,31,7,0.016636812261172702,0.003487303853034973,0.009872876107692719,0.016193345189094543,0.02484113723039627,0.027079126238822936,0.003088146448135376,0.027748167514801025
BAL_G,4,01/test/ko/0004.bmp,1,boundary,32x32,31,31,0.020538544943255764,0.0009747445583343506,0.007849186658859253,0.020704463124275208,0.03099142014980316,0.04456251114606857,0.0006535947322845459,0.055887624621391296
BAL_G,5,01/test/ko/0005.bmp,1,abnormal_normal,32x32,64,903,0.009041367938220171,0.0002942487597465515,0.001350991427898407,0.0063915252685546875,0.014822587370872498,0.025624957680702203,0.0,0.06597824394702911
BAL_G,5,01/test/ko/0005.bmp,1,defect,32x32,64,121,0.01661126500318858,0.0024104714393615723,0.008744224905967712,0.015669748187065125,0.0227394700050354,0.03446003794670105,0.0,0.056818887591362
BAL_G,5,01/test/ko/0005.bmp,1,clean_defect,32x32,64,57,0.01851338409540946,0.006654584407806397,0.013049960136413574,0.017770707607269287,0.02201254665851593,0.032426238059997545,0.005634963512420654,0.04756762087345123
BAL_G,5,01/test/ko/0005.bmp,1,boundary,32x32,64,64,0.014917190186679363,0.0016846299171447755,0.005507946014404297,0.012816108763217926,0.022910919040441513,0.033983257412910445,0.0,0.056818887591362
BAL_G,6,01/test/ko/0006.bmp,1,abnormal_normal,32x32,70,880,0.009667678414420648,3.364533185958863e-05,0.001404840499162674,0.007945641875267029,0.014973200857639313,0.027489180862903594,0.0,0.06524021923542023
BAL_G,6,01/test/ko/0006.bmp,1,defect,32x32,70,144,0.019735630705124803,8.236691355705262e-05,0.010683242231607437,0.019032754004001617,0.026953648775815964,0.04116980209946632,0.0,0.07676444947719574
BAL_G,6,01/test/ko/0006.bmp,1,clean_defect,32x32,70,74,0.023779689460187346,0.004308712482452392,0.015442751348018646,0.02321348339319229,0.031117301434278488,0.044778530299663506,0.0028544366359710693,0.07676444947719574
BAL_G,6,01/test/ko/0006.bmp,1,boundary,32x32,70,70,0.0154604828783444,0.0,0.004124041646718979,0.014855295419692993,0.021730143576860428,0.038585189729928956,0.0,0.0648779571056366
BAL_G,7,01/test/ko/0007.bmp,1,abnormal_normal,32x32,61,924,0.0092531791142313,0.00032068416476249706,0.001476183533668518,0.006409436464309692,0.014495249837636948,0.028232166171073898,0.0,0.04891173541545868
BAL_G,7,01/test/ko/0007.bmp,1,defect,32x32,61,100,0.015478411763906479,0.0018871612846851349,0.009122651070356369,0.01256096363067627,0.020325254648923874,0.0383106529712677,0.0011424422264099121,0.05486699938774109
BAL_G,7,01/test/ko/0007.bmp,1,clean_defect,32x32,61,39,0.018143886556992166,0.005117961764335633,0.009743914008140564,0.016068652272224426,0.022858113050460815,0.03878501653671265,0.0015990138053894043,0.044800519943237305
BAL_G,7,01/test/ko/0007.bmp,1,boundary,32x32,61,61,0.013774255748654976,0.0015726983547210693,0.00772722065448761,0.012120217084884644,0.01907069981098175,0.027018502354621887,0.0011424422264099121,0.05486699938774109
BAL_G,8,01/test/ko/0008.bmp,1,abnormal_normal,32x32,67,896,0.010411209709543203,0.00040365010499954224,0.0018383823335170746,0.007937610149383545,0.016672279685735703,0.028089791536331177,0.0,0.06154733896255493
BAL_G,8,01/test/ko/0008.bmp,1,defect,32x32,67,128,0.01759296073578298,0.0032986588776111607,0.011645056307315826,0.017763085663318634,0.023497387766838074,0.029231694340705872,0.0,0.03689540922641754
BAL_G,8,01/test/ko/0008.bmp,1,clean_defect,32x32,67,61,0.020533619356937097,0.006323665380477905,0.016471102833747864,0.021081343293190002,0.025592312216758728,0.02867823839187622,0.003631994128227234,0.032956719398498535
BAL_G,8,01/test/ko/0008.bmp,1,boundary,32x32,67,67,0.014915644677717294,0.0023869678378105165,0.008637279272079468,0.014427155256271362,0.020518958568572998,0.030748249590396872,0.0,0.03689540922641754
BAL_G,9,01/test/ko/0009.bmp,1,abnormal_normal,32x32,24,994,0.008597694817083463,0.0,0.001169104129076004,0.00601930171251297,0.01282908022403717,0.02684834823012351,0.0,0.0556054562330246
BAL_G,9,01/test/ko/0009.bmp,1,defect,32x32,24,30,0.013763503730297088,0.0039271354675292965,0.008075658231973648,0.011683747172355652,0.01787838712334633,0.02905336618423461,0.002686426043510437,0.038788631558418274
BAL_G,9,01/test/ko/0009.bmp,1,clean_defect,32x32,24,6,0.010845144589742025,0.00652717798948288,0.008488822728395462,0.010726884007453918,0.013504058122634888,0.015099354088306427,0.006080016493797302,0.015364497900009155
BAL_G,9,01/test/ko/0009.bmp,1,boundary,32x32,24,24,0.014493093515435854,0.0038250863552093508,0.008457720279693604,0.012260712683200836,0.019395694136619568,0.030030262470245355,0.002686426043510437,0.038788631558418274
BAL_G,10,01/test/ko/0010.bmp,1,abnormal_normal,32x32,141,753,0.009262567556711782,0.00015154480934143066,0.0014920234680175781,0.0062988996505737305,0.014509260654449463,0.02749609053134918,0.0,0.06497973203659058
BAL_G,10,01/test/ko/0010.bmp,1,defect,32x32,141,271,0.0187254951118983,0.002108246088027954,0.011574141681194305,0.017971158027648926,0.025938674807548523,0.036688923835754395,0.0,0.05250993371009827
BAL_G,10,01/test/ko/0010.bmp,1,clean_defect,32x32,141,130,0.01973298157636936,0.006295044720172882,0.013780690729618073,0.018231190741062164,0.025805406272411346,0.03591227680444717,0.0007860064506530762,0.044940173625946045
BAL_G,10,01/test/ko/0010.bmp,1,boundary,32x32,141,141,0.01779660688224414,0.0007729828357696533,0.010085567831993103,0.01636059582233429,0.02589234709739685,0.03840489685535431,0.0,0.05250993371009827
BAL_G,11,01/test/ko/0011.bmp,1,abnormal_normal,32x32,19,1001,0.006747604235187991,0.0,0.0005806982517242432,0.004462331533432007,0.011275306344032288,0.020022183656692505,0.0,0.04130755364894867
BAL_G,11,01/test/ko/0011.bmp,1,defect,32x32,19,23,0.012267401684885439,0.0035936251282691956,0.007125005125999451,0.011877566576004028,0.016245409846305847,0.021018424630165098,0.003103911876678467,0.03152766823768616
BAL_G,11,01/test/ko/0011.bmp,1,clean_defect,32x32,19,4,0.01218104362487793,0.006654174625873565,0.009065426886081696,0.012966372072696686,0.01608198881149292,0.016608452796936034,0.006051361560821533,0.016740068793296814
BAL_G,11,01/test/ko/0011.bmp,1,boundary,32x32,19,19,0.012285582329097548,0.0033733531832695006,0.007125005125999451,0.011877566576004028,0.015645742416381836,0.022228583693504313,0.003103911876678467,0.03152766823768616
BAL_G,12,01/test/ko/0012.bmp,1,abnormal_normal,32x32,40,958,0.008369636576086095,0.000182940810918808,0.0011058300733566284,0.005972869694232941,0.013172764331102371,0.02504773736000061,0.0,0.08941523730754852
BAL_G,12,01/test/ko/0012.bmp,1,defect,32x32,40,66,0.014481839582775578,0.0020966120064258575,0.009900882840156555,0.014467582106590271,0.019346702843904495,0.026089642196893692,0.0015388280153274536,0.04604409635066986
BAL_G,12,01/test/ko/0012.bmp,1,clean_defect,32x32,40,26,0.018804119183466986,0.01151362806558609,0.014904331415891647,0.01684417575597763,0.02132178097963333,0.031689755618572235,0.002387896180152893,0.04604409635066986
BAL_G,12,01/test/ko/0012.bmp,1,boundary,32x32,40,40,0.011672357842326165,0.0016475223004817964,0.004873976111412048,0.012245245277881622,0.016530998051166534,0.024349180608987806,0.0015388280153274536,0.02947288751602173
BAL_G,13,01/test/ko/0013.bmp,1,abnormal_normal,32x32,46,964,0.007797473369173984,0.00010191127657890322,0.0008937902748584747,0.005303561687469482,0.012332208454608917,0.0239442653954029,0.0,0.05013398826122284
BAL_G,13,01/test/ko/0013.bmp,1,defect,32x32,46,60,0.014230498919884364,0.0013858117163181307,0.009099602699279785,0.012284599244594574,0.017412986606359482,0.030069751292467115,0.0,0.04810178279876709
BAL_G,13,01/test/ko/0013.bmp,1,clean_defect,32x32,46,14,0.013547133122171675,0.002480809390544891,0.009968254715204239,0.013759367167949677,0.015994951128959656,0.02343779504299164,0.00041675567626953125,0.0235690176486969
BAL_G,13,01/test/ko/0013.bmp,1,boundary,32x32,46,46,0.014438479814840399,0.0020967163145542145,0.008194636553525925,0.01209915429353714,0.018219996243715286,0.030530136078596115,0.0,0.04810178279876709
BAL_G,14,01/test/ko/0014.bmp,1,abnormal_normal,32x32,116,805,0.008700495458537747,0.0003004461526870728,0.001063019037246704,0.005520820617675781,0.013514891266822815,0.02783587574958801,0.0,0.052991271018981934
BAL_G,14,01/test/ko/0014.bmp,1,defect,32x32,116,219,0.019051311290971765,0.0034559264779090884,0.012043796479701996,0.018476903438568115,0.02482353150844574,0.03723090142011642,0.0,0.05446550250053406
BAL_G,14,01/test/ko/0014.bmp,1,clean_defect,32x32,116,103,0.02286709743796043,0.009021177887916565,0.01634702831506729,0.020605921745300293,0.02887837588787079,0.04420476257801053,0.0036642849445343018,0.05446550250053406
BAL_G,14,01/test/ko/0014.bmp,1,boundary,32x32,116,116,0.01566315635011114,0.0019161365926265717,0.00913522019982338,0.01450251042842865,0.021182328462600708,0.03138227015733719,0.0,0.04639972746372223
BAL_G,15,01/test/ko/0015.bmp,1,abnormal_normal,32x32,98,836,0.009523224852016668,5.857646465301514e-05,0.001081131398677826,0.006775312125682831,0.01482168585062027,0.027767889201641083,0.0,0.15214049816131592
BAL_G,15,01/test/ko/0015.bmp,1,defect,32x32,98,188,0.018300683812258092,0.0005548775196075437,0.009643305093050003,0.016634851694107056,0.025774739682674408,0.041165869683027274,0.0,0.050248801708221436
BAL_G,15,01/test/ko/0015.bmp,1,clean_defect,32x32,98,90,0.020432265268431768,0.005673196166753769,0.012000426650047302,0.018797539174556732,0.026646949350833893,0.03835315480828285,0.0020758509635925293,0.050248801708221436
BAL_G,15,01/test/ko/0015.bmp,1,boundary,32x32,98,98,0.016343109005567978,0.0,0.004890430718660355,0.0144973024725914,0.023235928267240524,0.04280963316559789,0.0,0.04765082895755768
BAL_G,16,01/test/ko/0016.bmp,1,abnormal_normal,32x32,69,824,0.009625948332611796,0.00018825829029083254,0.0014220699667930603,0.00670073926448822,0.015439823269844055,0.028035489469766597,0.0,0.06279926002025604
BAL_G,16,01/test/ko/0016.bmp,1,defect,32x32,69,200,0.021975265964865685,0.0053726077079772954,0.01337532326579094,0.020693063735961914,0.028521645814180374,0.04104295074939726,0.0,0.06015576422214508
BAL_G,16,01/test/ko/0016.bmp,1,clean_defect,32x32,69,131,0.025003675058597827,0.010049477219581604,0.016678594052791595,0.024266943335533142,0.03177189826965332,0.043489985167980194,0.004229307174682617,0.06015576422214508
BAL_G,16,01/test/ko/0016.bmp,1,boundary,32x32,69,69,0.01622567768546118,0.0036723792552948,0.00893990695476532,0.015300244092941284,0.02185007929801941,0.03499727845191954,0.0,0.04053053259849548
BAL_G,17,01/test/ko/0017.bmp,1,abnormal_normal,32x32,18,993,0.009155337574018572,0.00028303861618041994,0.0017279237508773804,0.007296115159988403,0.013886839151382446,0.025245934724807736,0.0,0.05666989088058472
BAL_G,17,01/test/ko/0017.bmp,1,defect,32x32,18,31,0.02307337282165404,0.009754814207553864,0.016128428280353546,0.02073991298675537,0.025053367018699646,0.047821179032325745,0.0018596053123474121,0.05086943507194519
BAL_G,17,01/test/ko/0017.bmp,1,clean_defect,32x32,18,13,0.031682769839580245,0.019575560092926027,0.02152201533317566,0.02638167142868042,0.0431424081325531,0.049732634425163263,0.017829030752182007,0.05086943507194519
BAL_G,17,01/test/ko/0017.bmp,1,boundary,32x32,18,18,0.01685547497537401,0.004642120003700257,0.014990929514169693,0.016391322016716003,0.01974310353398323,0.02434942722320556,0.0018596053123474121,0.0278874933719635
BAL_G,18,01/test/ko/0018.bmp,1,abnormal_normal,32x32,35,980,0.006926593731860726,4.8119574785232544e-05,0.0007646717131137848,0.004398338496685028,0.010732091963291168,0.02237858548760414,0.0,0.050279319286346436
BAL_G,18,01/test/ko/0018.bmp,1,defect,32x32,35,44,0.014178845354101875,0.004371782392263412,0.010629907250404358,0.014137350022792816,0.01815015822649002,0.024598541110754015,0.0016006380319595337,0.029377922415733337
BAL_G,18,01/test/ko/0018.bmp,1,clean_defect,32x32,35,9,0.016080791751543682,0.012247800827026367,0.013284176588058472,0.01417398452758789,0.017511308193206787,0.02310182154178619,0.011565327644348145,0.025745943188667297
BAL_G,18,01/test/ko/0018.bmp,1,boundary,32x32,35,35,0.013689773423331124,0.004135920107364655,0.009120039641857147,0.01406201720237732,0.018316835165023804,0.023139725625514976,0.0016006380319595337,0.029377922415733337
BAL_G,19,01/test/ko/0019.bmp,1,abnormal_normal,32x32,8,1012,0.008603178480043713,0.00015188306570053102,0.001206088811159134,0.0064984336495399475,0.013657689094543457,0.024512672424316408,0.0,0.04701352119445801
BAL_G,19,01/test/ko/0019.bmp,1,defect,32x32,8,12,0.021850358694791794,0.009694952517747879,0.017031922936439514,0.020420536398887634,0.027845121920108795,0.033935930579900735,0.001407727599143982,0.03707137703895569
BAL_G,19,01/test/ko/0019.bmp,1,clean_defect,32x32,8,4,0.02258693426847458,0.016527631878852846,0.016736522316932678,0.021994709968566895,0.027845121920108795,0.029475350677967072,0.016475409269332886,0.02988290786743164
BAL_G,19,01/test/ko/0019.bmp,1,boundary,32x32,8,8,0.0214820709079504,0.006900504976511002,0.017134826630353928,0.020420536398887634,0.028031494468450546,0.035076092928647995,0.001407727599143982,0.03707137703895569
BAL_G,20,01/test/ko/0020.bmp,1,abnormal_normal,32x32,23,990,0.009749451099020062,0.00019669309258461,0.0015621744096279144,0.008211128413677216,0.015296224504709244,0.026605156064033506,0.0,0.055345430970191956
BAL_G,20,01/test/ko/0020.bmp,1,defect,32x32,23,34,0.0179359627997174,0.0038215026259422304,0.009828224778175354,0.01758550852537155,0.024425935000181198,0.03462571129202842,0.0,0.03817389905452728
BAL_G,20,01/test/ko/0020.bmp,1,clean_defect,32x32,23,11,0.02225162766196511,0.01106792688369751,0.016370385885238647,0.018205463886260986,0.03156411647796631,0.03533177822828293,0.0061393678188323975,0.0376853346824646
BAL_G,20,01/test/ko/0020.bmp,1,boundary,32x32,23,23,0.015871949169946754,0.0018175214529037478,0.008373379707336426,0.016712278127670288,0.02342052012681961,0.026350203156471252,0.0,0.03817389905452728
BAL_G,21,01/test/ko/0021.bmp,1,abnormal_normal,32x32,53,966,0.006871750080807609,9.013712406158447e-05,0.0005851611495018005,0.003907039761543274,0.010653361678123474,0.023494411259889603,0.0,0.06951859593391418
BAL_G,21,01/test/ko/0021.bmp,1,defect,32x32,53,58,0.005881530200612956,0.00023537352681159975,0.0005636811256408691,0.00154867023229599,0.008028853684663773,0.024250384420156475,0.0,0.02827984094619751
BAL_G,21,01/test/ko/0021.bmp,1,clean_defect,32x32,53,5,0.013906416296958924,0.005104207992553711,0.009105265140533447,0.016081318259239197,0.01631733775138855,0.022402840852737426,0.004103943705558777,0.023924216628074646
BAL_G,21,01/test/ko/0021.bmp,1,boundary,32x32,53,53,0.005124465474542582,0.00021105110645294192,0.000545501708984375,0.0009673982858657837,0.007580474019050598,0.02245953679084777,0.0,0.02827984094619751
BAL_G,22,01/test/ko/0022.bmp,1,abnormal_normal,32x32,30,983,0.009295761797459662,0.0003257736563682556,0.0013679713010787964,0.006165117025375366,0.014758668839931488,0.02715247422456741,0.0,0.06311601400375366
BAL_G,22,01/test/ko/0022.bmp,1,defect,32x32,30,41,0.01699387118583772,0.0006926655769348145,0.008395135402679443,0.017617449164390564,0.0253123939037323,0.030627503991127014,0.0,0.03663662075996399
BAL_G,22,01/test/ko/0022.bmp,1,clean_defect,32x32,30,11,0.022310621359131554,0.00711619108915329,0.017883308231830597,0.02367115020751953,0.027506381273269653,0.0336320623755455,0.0,0.03663662075996399
BAL_G,22,01/test/ko/0022.bmp,1,boundary,32x32,30,30,0.015044396122296652,0.0007859662175178528,0.007439602166414261,0.01508178561925888,0.023201078176498413,0.028770785778760907,0.0,0.03580959141254425
BAL_G,23,01/test/ko/0023.bmp,1,abnormal_normal,32x32,45,965,0.007249361292068205,8.806586265563965e-05,0.0007695704698562622,0.004547327756881714,0.011084750294685364,0.022729104757308955,0.0,0.06918826699256897
BAL_G,23,01/test/ko/0023.bmp,1,defect,32x32,45,59,0.013992047410900309,0.002531293034553528,0.007652215659618378,0.011278167366981506,0.018424421548843384,0.029129599034786176,0.0011210888624191284,0.04429413378238678
BAL_G,23,01/test/ko/0023.bmp,1,clean_defect,32x32,45,14,0.02447995330606188,0.017208614200353623,0.01838795095682144,0.020187944173812866,0.027236081659793854,0.03991829380393028,0.016868770122528076,0.04429413378238678
BAL_G,23,01/test/ko/0023.bmp,1,boundary,32x32,45,45,0.010729143354627822,0.001817220449447632,0.006750315427780151,0.00954502820968628,0.015201136469841003,0.020385536551475517,0.0011210888624191284,0.02831132709980011
BAL_G,24,01/test/ko/0024.bmp,1,abnormal_normal,32x32,71,874,0.010043710555446502,0.0,0.0018225982785224915,0.00842253863811493,0.01578967645764351,0.026623237878084172,0.0,0.07353666424751282
BAL_G,24,01/test/ko/0024.bmp,1,defect,32x32,71,150,0.018920250236988068,0.002523651719093323,0.011878672987222672,0.018337704241275787,0.025657519698143005,0.03645701184868811,0.0,0.04174932837486267
BAL_G,24,01/test/ko/0024.bmp,1,clean_defect,32x32,71,79,0.02118695046328291,0.004144930839538575,0.015522882342338562,0.020654946565628052,0.02872953563928604,0.036817383766174314,0.0006228983402252197,0.04174932837486267
BAL_G,24,01/test/ko/0024.bmp,1,boundary,32x32,71,71,0.016398147168293804,0.0013287141919136047,0.008770689368247986,0.0157938152551651,0.02245807647705078,0.03138156980276108,0.0,0.03901715576648712
BAL_G,25,01/test/ko/0025.bmp,1,abnormal_normal,32x32,34,980,0.009026669467590294,0.00023346394300460815,0.0014287307858467102,0.006635814905166626,0.014174561947584152,0.02562263756990431,0.0,0.05925896763801575
BAL_G,25,01/test/ko/0025.bmp,1,defect,32x32,34,44,0.016002113168889828,0.0067961767315864565,0.00825696811079979,0.01220356673002243,0.02024787664413452,0.03887873739004135,0.004144236445426941,0.05138835310935974
BAL_G,25,01/test/ko/0025.bmp,1,clean_defect,32x32,34,10,0.014613336324691773,0.005756215751171112,0.007181093096733093,0.012814879417419434,0.01800839975476265,0.03122687116265295,0.004848569631576538,0.0390143096446991
BAL_G,25,01/test/ko/0025.bmp,1,boundary,32x32,34,34,0.016410576946595135,0.006893923878669739,0.009146265685558319,0.01220356673002243,0.020600616931915283,0.03894876688718795,0.004144236445426941,0.05138835310935974
BAL_G,26,01/test/ko/0026.bmp,1,abnormal_normal,32x32,14,1000,0.008262875348329543,3.1448900699615497e-06,0.0008330196142196655,0.005773380398750305,0.013086963444948196,0.02495906427502632,0.0,0.06471796333789825
BAL_G,26,01/test/ko/0026.bmp,1,defect,32x32,14,24,0.019157736872633297,0.005807238817214967,0.014775119721889496,0.019487574696540833,0.024615060538053513,0.028983049839735025,0.0,0.04152160882949829
BAL_G,26,01/test/ko/0026.bmp,1,clean_defect,32x32,14,10,0.019314230978488924,0.010983725637197494,0.013554364442825317,0.017855457961559296,0.026053041219711304,0.02829594388604164,0.01081874966621399,0.029326602816581726
BAL_G,26,01/test/ko/0026.bmp,1,boundary,32x32,14,14,0.01904595536845071,0.00331035852432251,0.015609793365001678,0.020505905151367188,0.024028968065977097,0.0316144473850727,0.0,0.04152160882949829
BAL_G,27,01/test/ko/0028.bmp,1,abnormal_normal,32x32,81,855,0.010791991119496306,0.0,0.000731050968170166,0.00895717740058899,0.018101602792739868,0.029729817807674405,0.0,0.04891856014728546
BAL_G,27,01/test/ko/0028.bmp,1,defect,32x32,81,169,0.022904299860875284,0.002126109600067139,0.01464591920375824,0.021419137716293335,0.030900120735168457,0.04699848890304564,0.0,0.05858922004699707
BAL_G,27,01/test/ko/0028.bmp,1,clean_defect,32x32,81,88,0.027174994518811054,0.010748127102851867,0.01772116869688034,0.024290740489959717,0.03645498305559158,0.05015636682510376,0.0030371248722076416,0.05858922004699707
BAL_G,27,01/test/ko/0028.bmp,1,boundary,32x32,81,81,0.01826453282509321,0.0,0.008113473653793335,0.01860225200653076,0.025271296501159668,0.03711402416229248,0.0,0.05831761658191681
BAL_G,28,01/test/ko/0029.bmp,1,abnormal_normal,32x32,45,949,0.00857530628479193,1.9085407257080213e-05,0.0009998679161071777,0.0060631632804870605,0.013941213488578796,0.025700747966766354,0.0,0.05028381943702698
BAL_G,28,01/test/ko/0029.bmp,1,defect,32x32,45,75,0.01951987127463023,0.004189732670783997,0.010744377970695496,0.01913033425807953,0.02657429873943329,0.03804895132780075,0.0,0.056268587708473206
BAL_G,28,01/test/ko/0029.bmp,1,clean_defect,32x32,45,30,0.021525942285855613,0.008227526396512985,0.015737175941467285,0.020372897386550903,0.028425883501768112,0.03455323129892348,0.0064373016357421875,0.038277313113212585
BAL_G,28,01/test/ko/0029.bmp,1,boundary,32x32,45,45,0.018182490600479974,0.002666693925857544,0.009471744298934937,0.015203043818473816,0.024869367480278015,0.03886781334877014,0.0,0.056268587708473206
BAL_G,29,01/test/ko/0030.bmp,1,abnormal_normal,32x32,21,991,0.007440991962834155,0.0,0.0009252503514289856,0.0049029141664505005,0.011467009782791138,0.023270748555660248,0.0,0.05228780210018158
BAL_G,29,01/test/ko/0030.bmp,1,defect,32x32,21,33,0.01377248086712577,0.0027492463588714602,0.008507832884788513,0.01395215094089508,0.017119601368904114,0.0272312730550766,0.001259922981262207,0.03744763135910034
BAL_G,29,01/test/ko/0030.bmp,1,clean_defect,32x32,21,12,0.01389507825175921,0.006590423732995987,0.009127788245677948,0.013131149113178253,0.01737073063850403,0.023513475060462946,0.006274506449699402,0.02708454430103302
BAL_G,29,01/test/ko/0030.bmp,1,boundary,32x32,21,21,0.013702425218763806,0.0022037476301193237,0.008507832884788513,0.01395215094089508,0.01689872145652771,0.027451366186141968,0.001259922981262207,0.03744763135910034
BAL_G,30,01/test/ko/0031.bmp,1,abnormal_normal,32x32,3,1019,0.005750910778391935,0.00012482404708862306,0.0005972012877464294,0.0030649900436401367,0.008795484900474548,0.01910895109176633,0.0,0.045632392168045044
BAL_G,30,01/test/ko/0031.bmp,1,defect,32x32,3,5,0.00894167721271515,0.005374541878700257,0.007043316960334778,0.007403194904327393,0.011114031076431274,0.013575202226638793,0.004957348108291626,0.014190495014190674
BAL_G,30,01/test/ko/0031.bmp,1,clean_defect,32x32,3,2,0.009078674018383026,0.0072468526661396025,0.008060995489358902,0.009078674018383026,0.01009635254740715,0.010910495370626449,0.007043316960334778,0.011114031076431274
BAL_G,30,01/test/ko/0031.bmp,1,boundary,32x32,3,3,0.008850346008936564,0.0052019327878952025,0.006180271506309509,0.007403194904327393,0.010796844959259033,0.013511765003204345,0.004957348108291626,0.014190495014190674
BAL_G,31,01/test/ko/0032.bmp,1,abnormal_normal,32x32,59,906,0.009290937770149828,0.0004243813455104828,0.0015140511095523834,0.00676390528678894,0.013848736882209778,0.026616960763931274,0.0,0.05878877639770508
BAL_G,31,01/test/ko/0032.bmp,1,defect,32x32,59,118,0.018674328923225403,0.0034595757722854616,0.01124390959739685,0.019452452659606934,0.024912163615226746,0.0348899945616722,0.0,0.042500436305999756
BAL_G,31,01/test/ko/0032.bmp,1,clean_defect,32x32,59,59,0.02113960759114411,0.005162855982780457,0.014979571104049683,0.021688058972358704,0.025544919073581696,0.03594815433025359,0.00349581241607666,0.03974403440952301
BAL_G,31,01/test/ko/0032.bmp,1,boundary,32x32,59,59,0.016209050255306695,0.0029767885804176334,0.009489215910434723,0.014310121536254883,0.024258792400360107,0.03190914541482925,0.0,0.042500436305999756
BAL_G,32,01/test/ko/0033.bmp,1,abnormal_normal,32x32,5,1018,0.005807215871183249,0.0,0.00039361417293548584,0.002847522497177124,0.009326286613941193,0.020487520843744278,0.0,0.04061532020568848
BAL_G,32,01/test/ko/0033.bmp,1,defect,32x32,5,6,0.016727601488431294,0.0031628012657165527,0.009259756654500961,0.015104129910469055,0.023874055594205856,0.0324007123708725,0.0014842748641967773,0.034564077854156494
BAL_G,32,01/test/ko/0033.bmp,1,clean_defect,32x32,5,1,0.017764374613761902,0.017764374613761902,0.017764374613761902,0.017764374613761902,0.017764374613761902,0.017764374613761902,0.017764374613761902,0.017764374613761902
BAL_G,32,01/test/ko/0033.bmp,1,boundary,32x32,5,5,0.016520246863365173,0.002827095985412598,0.008198380470275879,0.012443885207176208,0.025910615921020508,0.03283338546752929,0.0014842748641967773,0.034564077854156494
BAL_G,33,01/test/ko/0034.bmp,1,abnormal_normal,32x32,15,1003,0.005952732765662706,2.1186470985412604e-05,0.0005991607904434204,0.003416776657104492,0.009124994277954102,0.020256254076957702,0.0,0.04351349174976349
BAL_G,33,01/test/ko/0034.bmp,1,defect,32x32,15,21,0.010949750741322836,0.0023521631956100464,0.005609646439552307,0.00853005051612854,0.01360185444355011,0.026339828968048096,0.0010001808404922485,0.031741127371788025
BAL_G,33,01/test/ko/0034.bmp,1,clean_defect,32x32,15,6,0.015429583688577017,0.005150321871042252,0.007323086261749268,0.013603352010250092,0.021166786551475525,0.029418978840112686,0.0047120749950408936,0.031741127371788025
BAL_G,33,01/test/ko/0034.bmp,1,boundary,32x32,15,15,0.009157817562421162,0.001946568489074707,0.004753559827804565,0.006604492664337158,0.012490160763263702,0.021366198360919946,0.0010001808404922485,0.026339828968048096
BAL_G,34,01/test/ko/0035.bmp,1,abnormal_normal,32x32,39,946,0.009576922412528548,0.0001958794891834259,0.0012506656348705292,0.007163994014263153,0.015404131263494492,0.02734217420220375,0.0,0.04835669696331024
BAL_G,34,01/test/ko/0035.bmp,1,defect,32x32,39,78,0.018186286473885562,0.0026720553636550904,0.012315712869167328,0.01791975647211075,0.02366354689002037,0.035259410738945,0.0016839206218719482,0.038296863436698914
BAL_G,34,01/test/ko/0035.bmp,1,clean_defect,32x32,39,39,0.01916816181097275,0.009197667241096497,0.014550074934959412,0.019050076603889465,0.023444250226020813,0.029226320981979373,0.0018575191497802734,0.03717109560966492
BAL_G,34,01/test/ko/0035.bmp,1,boundary,32x32,39,39,0.01720441113679837,0.0025826096534729004,0.0067631155252456665,0.015993312001228333,0.0246117040514946,0.03624488711357117,0.0016839206218719482,0.038296863436698914
BAL_G,35,01/test/ko/0036.bmp,1,abnormal_normal,32x32,109,777,0.009128631005109201,0.0002582550048828125,0.0015964210033416748,0.006520360708236694,0.013631865382194519,0.027055370807647687,0.0,0.06929229199886322
BAL_G,35,01/test/ko/0036.bmp,1,defect,32x32,109,247,0.019863852182863212,0.002866661548614502,0.012130700051784515,0.019851326942443848,0.026890046894550323,0.03840704411268234,0.0,0.06260870397090912
BAL_G,35,01/test/ko/0036.bmp,1,clean_defect,32x32,109,138,0.022946139500624893,0.008694416284561158,0.016492050141096115,0.022357523441314697,0.02900325506925583,0.037866956740617755,0.0030220597982406616,0.06260870397090912
BAL_G,35,01/test/ko/0036.bmp,1,boundary,32x32,109,109,0.015961506771385123,0.00028827786445617687,0.008174926042556763,0.014743328094482422,0.02213992178440094,0.03850082159042358,0.0,0.04814879596233368
BAL_G,36,01/test/ko/0037.bmp,1,abnormal_normal,32x32,69,914,0.008304485492815856,0.00021898224949836733,0.0010918304324150085,0.005063138902187347,0.012422725558280945,0.026441759616136543,0.0,0.05742181837558746
BAL_G,36,01/test/ko/0037.bmp,1,defect,32x32,69,110,0.019536311518062243,0.0038381658494472505,0.011231999844312668,0.017826475203037262,0.026065293699502945,0.04253562167286872,0.0,0.06749497354030609
BAL_G,36,01/test/ko/0037.bmp,1,clean_defect,32x32,69,41,0.023349379984343926,0.007014542818069458,0.013936787843704224,0.02189159393310547,0.028453588485717773,0.05570662021636963,0.003921687602996826,0.06749497354030609
BAL_G,36,01/test/ko/0037.bmp,1,boundary,32x32,69,69,0.017270575183025307,0.0036548495292663577,0.01018783450126648,0.01568104326725006,0.021670326590538025,0.03852180242538451,0.0,0.052990853786468506
BAL_G,37,01/test/ko/0038.bmp,1,abnormal_normal,32x32,12,1010,0.006716831825157203,0.0,0.0008590109646320343,0.0043445006012916565,0.010181698948144913,0.021869643777608864,0.0,0.04266898334026337
BAL_G,37,01/test/ko/0038.bmp,1,defect,32x32,12,14,0.016118787229061127,0.005443283915519714,0.01146744191646576,0.015220433473587036,0.021436918526887894,0.028389861434698103,0.0017324388027191162,0.03354676067829132
BAL_G,37,01/test/ko/0038.bmp,1,clean_defect,32x32,12,2,0.02409854531288147,0.02273547351360321,0.023341283202171326,0.02409854531288147,0.024855807423591614,0.02546161711215973,0.02258402109146118,0.025613069534301758
BAL_G,37,01/test/ko/0038.bmp,1,boundary,32x32,12,12,0.014788827548424402,0.004872384667396546,0.01091558113694191,0.01385275274515152,0.01665205880999565,0.028383688628673548,0.0017324388027191162,0.03354676067829132
BAL_G,38,01/test/ko/0039.bmp,1,abnormal_normal,32x32,58,880,0.009731386297128417,0.00026782304048538207,0.001545403152704239,0.0075890421867370605,0.01598823443055153,0.0274207979440689,0.0,0.04596339166164398
BAL_G,38,01/test/ko/0039.bmp,1,defect,32x32,58,144,0.01877696408579747,0.001492363214492798,0.011118575930595398,0.01850881427526474,0.025560718029737473,0.03589189797639847,2.3543834686279297e-05,0.04373781383037567
BAL_G,38,01/test/ko/0039.bmp,1,clean_defect,32x32,58,86,0.022542530540810075,0.008068498224020004,0.015093639492988586,0.022731073200702667,0.029158730059862137,0.03871554881334305,0.002442687749862671,0.04373781383037567
BAL_G,38,01/test/ko/0039.bmp,1,boundary,32x32,58,58,0.013193537962847742,0.0011049911379814148,0.004710160195827484,0.011703848838806152,0.02065882459282875,0.029719310998916625,2.3543834686279297e-05,0.04095223546028137
BAL_G,39,01/test/ko/0040.bmp,1,abnormal_normal,32x32,64,908,0.007501592096515689,0.00011620819568634034,0.0009145922958850861,0.004764169454574585,0.01154259592294693,0.024760337173938746,0.0,0.058051690459251404
BAL_G,39,01/test/ko/0040.bmp,1,defect,32x32,64,116,0.01645352395957914,0.003840699791908264,0.008875090628862381,0.014882326126098633,0.023321762681007385,0.03386111184954643,0.0007688999176025391,0.04633176326751709
BAL_G,39,01/test/ko/0040.bmp,1,clean_defect,32x32,64,52,0.021278885694650505,0.008157018572092056,0.014403559267520905,0.022276975214481354,0.02539132535457611,0.035407242923974985,0.0034007877111434937,0.04633176326751709
BAL_G,39,01/test/ko/0040.bmp,1,boundary,32x32,64,64,0.012532917549833655,0.0035333767533302306,0.006013441830873489,0.011493399739265442,0.016376279294490814,0.025424534827470778,0.0007688999176025391,0.041968584060668945
BAL_G,40,01/test/ko/0041.bmp,1,abnormal_normal,32x32,68,832,0.009484168464461198,0.0002772830426692963,0.0013738051056861877,0.006922364234924316,0.014650579541921616,0.027329347282648086,0.0,0.06464236974716187
BAL_G,40,01/test/ko/0041.bmp,1,defect,32x32,68,192,0.022440058722471196,0.00526590868830681,0.01573622226715088,0.02254609763622284,0.029205072671175003,0.03965593948960304,0.0004826188087463379,0.05585011839866638
BAL_G,40,01/test/ko/0041.bmp,1,clean_defect,32x32,68,124,0.025614927372624798,0.01233057901263237,0.01961720734834671,0.02469203621149063,0.03126059100031853,0.040146726369857784,0.0027340948581695557,0.05585011839866638
BAL_G,40,01/test/ko/0041.bmp,1,boundary,32x32,68,68,0.0166505923604264,0.0031151816248893736,0.009664107114076614,0.017251133918762207,0.02345767244696617,0.03148704618215561,0.0004826188087463379,0.04544924199581146
BAL_G,41,01/test/ko/0042.bmp,1,abnormal_normal,32x32,7,1017,0.006957926464174584,0.0,0.0007506608963012695,0.004241317510604858,0.01070430874824524,0.023075595498085022,0.0,0.050313279032707214
BAL_G,41,01/test/ko/0042.bmp,1,defect,32x32,7,7,0.008664965629577637,0.004194234311580658,0.005747601389884949,0.006272420287132263,0.011424094438552856,0.01506569683551788,0.003706201910972595,0.01633274555206299
BAL_G,41,01/test/ko/0042.bmp,1,clean_defect,32x32,7,0,,,,,,,,
BAL_G,41,01/test/ko/0042.bmp,1,boundary,32x32,7,7,0.008664965629577637,0.004194234311580658,0.005747601389884949,0.006272420287132263,0.011424094438552856,0.01506569683551788,0.003706201910972595,0.01633274555206299
BAL_G,42,01/test/ko/0043.bmp,1,abnormal_normal,32x32,86,820,0.008658471630840766,4.433989524841309e-05,0.0008839145302772522,0.005780763924121857,0.013822771608829498,0.02675054967403411,0.0,0.05389547348022461
BAL_G,42,01/test/ko/0043.bmp,1,defect,32x32,86,204,0.02142344028049824,0.0052681356668472295,0.01339685544371605,0.021096937358379364,0.02773193269968033,0.04055409207940101,0.0017027556896209717,0.06379389762878418
BAL_G,42,01/test/ko/0043.bmp,1,clean_defect,32x32,86,118,0.023957781241101733,0.010262500494718552,0.01620974764227867,0.02373402565717697,0.029088307172060013,0.041973908245563504,0.0038110464811325073,0.06379389762878418
BAL_G,42,01/test/ko/0043.bmp,1,boundary,32x32,86,86,0.017946088729902755,0.0036128386855125427,0.01034563034772873,0.01589580625295639,0.02364504709839821,0.03438340872526169,0.0017027556896209717,0.051557838916778564
BAL_G,43,01/test/ko/0044.bmp,1,abnormal_normal,32x32,28,987,0.007863967085923346,0.0,0.0011436939239501953,0.005532950162887573,0.012488901615142822,0.023320083320140832,0.0,0.0467490553855896
BAL_G,43,01/test/ko/0044.bmp,1,defect,32x32,28,37,0.017527862980559066,0.0018596261739730834,0.008286818861961365,0.014607727527618408,0.022382259368896484,0.03591915667057037,0.0011529028415679932,0.08193248510360718
BAL_G,43,01/test/ko/0044.bmp,1,clean_defect,32x32,28,9,0.02612117926279704,0.007420626282691955,0.009589195251464844,0.02037625014781952,0.029106050729751587,0.06341623663902281,0.006843164563179016,0.08193248510360718
BAL_G,43,01/test/ko/0044.bmp,1,boundary,32x32,28,28,0.014765725604125432,0.0016857653856277466,0.008026942610740662,0.013047866523265839,0.02102930098772049,0.031048107892274853,0.0011529028415679932,0.03702832758426666
BAL_G,44,01/test/ko/0045.bmp,1,abnormal_normal,32x32,15,1006,0.006222821475852792,0.00017654523253440857,0.0006914176046848297,0.003310002386569977,0.008876100182533264,0.02133503183722496,0.0,0.05825132131576538
BAL_G,44,01/test/ko/0045.bmp,1,defect,32x32,15,18,0.016837811304463282,0.001406223326921463,0.0064009204506874084,0.013108134269714355,0.019653525203466415,0.03967664018273347,0.0011329799890518188,0.0768124908208847
BAL_G,44,01/test/ko/0045.bmp,1,clean_defect,32x32,15,3,0.03854803740978241,0.019393196702003478,0.019415810704231262,0.01944407820701599,0.04812828451395035,0.07107564955949783,0.019387543201446533,0.0768124908208847
BAL_G,44,01/test/ko/0045.bmp,1,boundary,32x32,15,15,0.012495766083399454,0.0013580039143562318,0.005261749029159546,0.011587291955947876,0.01743403822183609,0.027694350481033317,0.0011329799890518188,0.03312325477600098
BAL_G,45,01/test/ko/0046.bmp,1,abnormal_normal,32x32,4,1019,0.00609902841595602,0.0,0.0004866868257522583,0.0036690831184387207,0.009483873844146729,0.020886440575122824,0.0,0.04330424964427948
BAL_G,45,01/test/ko/0046.bmp,1,defect,32x32,4,5,0.003953400254249573,0.0004185795783996582,0.001049339771270752,0.0018521696329116821,0.006564289331436157,0.009345108270645141,0.00026088953018188477,0.010040313005447388
BAL_G,45,01/test/ko/0046.bmp,1,clean_defect,32x32,4,1,0.00026088953018188477,0.00026088953018188477,0.00026088953018188477,0.00026088953018188477,0.00026088953018188477,0.00026088953018188477,0.00026088953018188477,0.00026088953018188477
BAL_G,45,01/test/ko/0046.bmp,1,boundary,32x32,4,4,0.004876527935266495,0.0011697642505168915,0.0016514621675014496,0.00420822948217392,0.007433295249938965,0.009518909454345702,0.001049339771270752,0.010040313005447388
BAL_G,46,01/test/ko/0047.bmp,1,abnormal_normal,32x32,106,835,0.008936787508205025,0.00036851614713668824,0.0013573020696640015,0.006181821227073669,0.01476394385099411,0.02472228407859802,0.0,0.04803043603897095
BAL_G,46,01/test/ko/0047.bmp,1,defect,32x32,106,189,0.016517853847256413,0.0008899211883544923,0.008748456835746765,0.015459403395652771,0.023059189319610596,0.03475329279899597,0.0,0.06368233263492584
BAL_G,46,01/test/ko/0047.bmp,1,clean_defect,32x32,106,83,0.01807279112827347,0.003564126789569855,0.01196947693824768,0.017922639846801758,0.02417304366827011,0.03347687870264052,0.002603501081466675,0.04112142324447632
BAL_G,46,01/test/ko/0047.bmp,1,boundary,32x32,106,106,0.015300308617780794,0.0002519339323043823,0.006178021430969238,0.014333859086036682,0.021732177585363388,0.034944143146276474,0.0,0.06368233263492584
BAL_G,47,01/test/ko/0048.bmp,1,abnormal_normal,32x32,104,830,0.00802965587880238,0.00039054900407791137,0.0012212544679641724,0.004853203892707825,0.013004075735807419,0.025778623670339576,0.0,0.04663822054862976
BAL_G,47,01/test/ko/0048.bmp,1,defect,32x32,104,194,0.01920888419311071,0.003076929599046707,0.009805630892515182,0.019380569458007812,0.026208486407995224,0.038711445033550264,0.0,0.049510031938552856
BAL_G,47,01/test/ko/0048.bmp,1,clean_defect,32x32,104,90,0.023037744561831157,0.0051662631332874305,0.016535058617591858,0.023825235664844513,0.029127001762390137,0.0387165293097496,0.0030228346586227417,0.04472830891609192
BAL_G,47,01/test/ko/0048.bmp,1,boundary,32x32,104,104,0.015895447335564174,0.0021386347711086274,0.00767628476023674,0.014489129185676575,0.022688504308462143,0.03775107562541961,0.0,0.049510031938552856
BAL_G,48,01/test/ko/0049.bmp,1,abnormal_normal,32x32,89,812,0.008318673966112982,1.2949109077453714e-06,0.0010318346321582794,0.005454942584037781,0.013220604509115219,0.02591948360204695,0.0,0.05986124277114868
BAL_G,48,01/test/ko/0049.bmp,1,defect,32x32,89,212,0.02034718986108618,0.0019282363355159762,0.012008700519800186,0.02051115781068802,0.02701396867632866,0.03727153688669204,0.0,0.05743512511253357
BAL_G,48,01/test/ko/0049.bmp,1,clean_defect,32x32,89,123,0.023183193027488586,0.00755290985107422,0.014540031552314758,0.02305598556995392,0.029233716428279877,0.037987190485000606,0.0,0.05743512511253357
BAL_G,48,01/test/ko/0049.bmp,1,boundary,32x32,89,89,0.01642776975470982,7.896423339843757e-05,0.008634686470031738,0.017171382904052734,0.022692114114761353,0.03409502208232878,0.0,0.04859839379787445
BAL_G,49,01/test/ok/0000.bmp,0,normal_image,32x32,0,1024,0.006124701612861827,0.0,0.000415947288274765,0.0032616108655929565,0.009383581578731537,0.021695976704359028,0.0,0.050232961773872375
BAL_G,50,01/test/ok/0001.bmp,0,normal_image,32x32,0,1024,0.007393392515950836,3.3282488584518435e-05,0.001138247549533844,0.00438971072435379,0.01176173985004425,0.023665517568588257,0.0,0.05087004601955414
BAL_G,51,01/test/ok/0002.bmp,0,normal_image,32x32,0,1024,0.006339537067105994,0.0,0.0005567818880081177,0.0041700005531311035,0.009807825088500977,0.02061394974589347,0.0,0.07534055411815643
BAL_G,52,01/test/ok/0003.bmp,0,normal_image,32x32,0,1024,0.005541900245589204,6.000027060508728e-05,0.0005670525133609772,0.002700112760066986,0.008407309651374817,0.018474803119897836,0.0,0.057310983538627625
BAL_G,53,01/test/ok/0004.bmp,0,normal_image,32x32,0,1024,0.005300576871377416,0.0,0.00031578168272972107,0.002929776906967163,0.008069649338722229,0.019094698131084428,0.0,0.043903037905693054
BAL_G,54,01/test/ok/0005.bmp,0,normal_image,32x32,0,1024,0.005868485983228311,0.0,0.0002888217568397522,0.0026525333523750305,0.009060528129339218,0.022009236365556666,0.0,0.06077207624912262
BAL_G,55,01/test/ok/0006.bmp,0,normal_image,32x32,0,1024,0.005189818955841474,0.0,0.0003766864538192749,0.002321682870388031,0.008086267858743668,0.018674270063638688,0.0,0.04089850187301636
BAL_G,56,01/test/ok/0007.bmp,0,normal_image,32x32,0,1024,0.005985109266475774,0.0,0.00018522143363952637,0.0022557079792022705,0.009279608726501465,0.0226851888000965,0.0,0.05353239178657532
BAL_G,57,01/test/ok/0008.bmp,0,normal_image,32x32,0,1024,0.005777632526587695,2.539455890655518e-05,0.00040813907980918884,0.003066442906856537,0.009093329310417175,0.020963659882545442,0.0,0.04277752339839935
BAL_G,58,01/test/ok/0009.bmp,0,normal_image,32x32,0,1024,0.006340954860206693,5.2176415920257575e-05,0.0006056800484657288,0.00376804918050766,0.009746827185153961,0.0209613651037216,0.0,0.03758701682090759
BAL_G,59,01/test/ok/0010.bmp,0,normal_image,32x32,0,1024,0.006021170993335545,0.0,0.0004903450608253479,0.003028586506843567,0.009396206587553024,0.02044612541794777,0.0,0.05130726099014282
BAL_G,60,01/test/ok/0011.bmp,0,normal_image,32x32,0,1024,0.0070326399290934205,0.0002024039626121521,0.0010358169674873352,0.004236310720443726,0.010956894606351852,0.021928037703037244,0.0,0.04426784813404083
BAL_G,61,01/test/ok/0012.bmp,0,normal_image,32x32,0,1024,0.006472559500252828,3.609657287597668e-05,0.0005651861429214478,0.0035564452409744263,0.010223891586065292,0.0213725171983242,0.0,0.05322378873825073
BAL_G,62,01/test/ok/0013.bmp,0,normal_image,32x32,0,1024,0.005552768780034967,1.4903396368026769e-05,0.00039278343319892883,0.0029453039169311523,0.008835315704345703,0.01948481425642967,0.0,0.03781241178512573
BAL_G,63,01/test/ok/0014.bmp,0,normal_image,32x32,0,1024,0.0066661987657425925,9.245723485946656e-05,0.0007947534322738647,0.0036219358444213867,0.010138258337974548,0.022657145559787747,0.0,0.04081639647483826
BAL_G,64,01/test/ok/0015.bmp,0,normal_image,32x32,0,1024,0.005641132782329805,0.0,0.0003965012729167938,0.003097735345363617,0.008409231901168823,0.01972305402159689,0.0,0.0438818484544754
BAL_G,65,01/test/ok/0016.bmp,0,normal_image,32x32,0,1024,0.0057474355708109215,0.0,0.0002936162054538727,0.0027091503143310547,0.009208224713802338,0.020424301922321312,0.0,0.04354071617126465
BAL_G,66,01/test/ok/0017.bmp,0,normal_image,32x32,0,1024,0.005998581516905688,0.0,0.0003021843731403351,0.003368102014064789,0.009345553815364838,0.02158817797899245,0.0,0.040516436100006104
BAL_G,67,01/test/ok/0018.bmp,0,normal_image,32x32,0,1024,0.0054783944942755625,0.0,0.00025236979126930237,0.00258791446685791,0.008100397884845734,0.021023883670568462,0.0,0.04756215214729309
BAL_G,68,01/test/ok/0019.bmp,0,normal_image,32x32,0,1024,0.005361641218769364,0.0,0.00013774633407592773,0.002538636326789856,0.008854091167449951,0.01832032799720764,0.0,0.05297194421291351
BAL_G,69,01/test/ok/0020.bmp,0,normal_image,32x32,0,1024,0.006308047231868841,0.0,0.0004435107111930847,0.003435775637626648,0.009459298104047775,0.02083551585674285,0.0,0.06657207012176514
