method,scope,image_index,sample_id,n_pairs,l_correct,j_correct,l_correct_j_wrong,l_wrong_j_correct,both_correct,both_wrong,l_tie,j_tie,l_correct_rate,j_correct_rate,l_correct_j_wrong_rate,l_wrong_j_correct_rate
A1,image,0,test/20000.png,0,0,0,0,0,0,0,0,0,,,,
A1,image,1,test/20001.png,0,0,0,0,0,0,0,0,0,,,,
A1,image,2,test/20002.png,0,0,0,0,0,0,0,0,0,,,,
A1,image,3,test/20003.png,0,0,0,0,0,0,0,0,0,,,,
A1,image,4,test/20004.png,0,0,0,0,0,0,0,0,0,,,,
A1,image,5,test/20005.png,0,0,0,0,0,0,0,0,0,,,,
A1,image,6,test/20006.png,0,0,0,0,0,0,0,0,0,,,,
A1,image,7,test/20007.png,0,0,0,0,0,0,0,0,0,,,,
A1,image,8,test/20008.png,0,0,0,0,0,0,0,0,0,,,,
A1,image,9,test/20009.png,0,0,0,0,0,0,0,0,0,,,,
A1,image,10,test/20010.png,0,0,0,0,0,0,0,0,0,,,,
A1,image,11,test/20011.png,0,0,0,0,0,0,0,0,0,,,,
A1,image,12,test/20012.png,0,0,0,0,0,0,0,0,0,,,,
A1,image,13,test/20013.png,0,0,0,0,0,0,0,0,0,,,,
A1,image,14,test/20014.png,0,0,0,0,0,0,0,0,0,,,,
A1,image,15,test/20015.png,0,0,0,0,0,0,0,0,0,,,,
A1,image,16,test/20016.png,0,0,0,0,0,0,0,0,0,,,,
A1,image,17,test/20017.png,0,0,0,0,0,0,0,0,0,,,,
A1,image,18,test/20018.png,0,0,0,0,0,0,0,0,0,,,,
A1,image,19,test/20019.png,0,0,0,0,0,0,0,0,0,,,,
A1,image,20,test/20020.png,0,0,0,0,0,0,0,0,0,,,,
A1,image,21,test/20021.png,0,0,0,0,0,0,0,0,0,,,,
A1,image,22,test/20022.png,0,0,0,0,0,0,0,0,0,,,,
A1,image,23,test/20023.png,0,0,0,0,0,0,0,0,0,,,,
A1,image,24,test/20024.png,0,0,0,0,0,0,0,0,0,,,,
A1,image,25,test/20025.png,0,0,0,0,0,0,0,0,0,,,,
A1,image,26,test/20026.png,0,0,0,0,0,0,0,0,0,,,,
A1,image,27,test/20027.png,0,0,0,0,0,0,0,0,0,,,,
A1,image,28,test/20028.png,0,0,0,0,0,0,0,0,0,,,,
A1,image,29,test/20029.png,0,0,0,0,0,0,0,0,0,,,,
A1,image,30,test/20030.png,0,0,0,0,0,0,0,0,0,,,,
A1,image,31,test/20031.png,0,0,0,0,0,0,0,0,0,,,,
A1,image,32,test/20032.png,0,0,0,0,0,0,0,0,0,,,,
A1,image,33,test/20033.png,0,0,0,0,0,0,0,0,0,,,,
A1,image,34,test/20034.png,0,0,0,0,0,0,0,0,0,,,,
A1,image,35,test/20035.png,0,0,0,0,0,0,0,0,0,,,,
A1,image,36,test/20036.png,0,0,0,0,0,0,0,0,0,,,,
A1,image,37,test/20037.png,0,0,0,0,0,0,0,0,0,,,,
A1,image,38,test/20038.png,0,0,0,0,0,0,0,0,0,,,,
A1,image,39,test/20039.png,0,0,0,0,0,0,0,0,0,,,,
A1,image,40,test/20040.png,0,0,0,0,0,0,0,0,0,,,,
A1,image,41,test/20041.png,0,0,0,0,0,0,0,0,0,,,,
A1,image,42,test/20042.png,2560,2557,2558,0,1,2557,2,0,0,0.998828125,0.99921875,0.0,0.000390625
A1,image,43,test/20043.png,0,0,0,0,0,0,0,0,0,,,,
A1,image,44,test/20044.png,0,0,0,0,0,0,0,0,0,,,,
A1,image,45,test/20045.png,0,0,0,0,0,0,0,0,0,,,,
A1,image,46,test/20046.png,0,0,0,0,0,0,0,0,0,,,,
A1,image,47,test/20047.png,0,0,0,0,0,0,0,0,0,,,,
A1,image,48,test/20048.png,0,0,0,0,0,0,0,0,0,,,,
A1,image,49,test/20049.png,0,0,0,0,0,0,0,0,0,,,,
A1,image,50,test/20050.png,0,0,0,0,0,0,0,0,0,,,,
A1,image,51,test/20051.png,0,0,0,0,0,0,0,0,0,,,,
A1,image,52,test/20052.png,0,0,0,0,0,0,0,0,0,,,,
A1,image,53,test/20053.png,0,0,0,0,0,0,0,0,0,,,,
A1,image,54,test/20054.png,0,0,0,0,0,0,0,0,0,,,,
A1,image,55,test/20055.png,0,0,0,0,0,0,0,0,0,,,,
A1,image,56,test/20056.png,832,829,831,0,2,829,1,0,0,0.9963942307692307,0.9987980769230769,0.0,0.002403846153846154
A1,image,57,test/20057.png,0,0,0,0,0,0,0,0,0,,,,
A1,image,58,test/20058.png,0,0,0,0,0,0,0,0,0,,,,
A1,image,59,test/20059.png,0,0,0,0,0,0,0,0,0,,,,
A1,image,60,test/20060.png,0,0,0,0,0,0,0,0,0,,,,
A1,image,61,test/20061.png,0,0,0,0,0,0,0,0,0,,,,
A1,image,62,test/20062.png,0,0,0,0,0,0,0,0,0,,,,
A1,image,63,test/20063.png,0,0,0,0,0,0,0,0,0,,,,
A1,image,64,test/20064.png,0,0,0,0,0,0,0,0,0,,,,
A1,image,65,test/20065.png,0,0,0,0,0,0,0,0,0,,,,
A1,image,66,test/20066.png,0,0,0,0,0,0,0,0,0,,,,
A1,image,67,test/20067.png,0,0,0,0,0,0,0,0,0,,,,
A1,image,68,test/20068.png,1216,1206,1205,1,0,1205,10,0,0,0.9917763157894737,0.990953947368421,0.0008223684210526315,0.0
A1,image,69,test/20069.png,0,0,0,0,0,0,0,0,0,,,,
A1,image,70,test/20070.png,0,0,0,0,0,0,0,0,0,,,,
A1,image,71,test/20071.png,0,0,0,0,0,0,0,0,0,,,,
A1,image,72,test/20072.png,0,0,0,0,0,0,0,0,0,,,,
A1,image,73,test/20073.png,0,0,0,0,0,0,0,0,0,,,,
A1,image,74,test/20074.png,0,0,0,0,0,0,0,0,0,,,,
A1,image,75,test/20075.png,0,0,0,0,0,0,0,0,0,,,,
A1,image,76,test/20076.png,0,0,0,0,0,0,0,0,0,,,,
A1,image,77,test/20077.png,0,0,0,0,0,0,0,0,0,,,,
A1,image,78,test/20078.png,0,0,0,0,0,0,0,0,0,,,,
A1,image,79,test/20079.png,0,0,0,0,0,0,0,0,0,,,,
A1,image,80,test/20080.png,0,0,0,0,0,0,0,0,0,,,,
A1,image,81,test/20081.png,0,0,0,0,0,0,0,0,0,,,,
A1,image,82,test/20082.png,0,0,0,0,0,0,0,0,0,,,,
A1,image,83,test/20083.png,0,0,0,0,0,0,0,0,0,,,,
A1,image,84,test/20084.png,2368,2355,2339,17,1,2338,12,0,0,0.9945101351351351,0.9877533783783784,0.0071790540540540545,0.0004222972972972973
A1,image,85,test/20085.png,0,0,0,0,0,0,0,0,0,,,,
A1,image,86,test/20086.png,0,0,0,0,0,0,0,0,0,,,,
A1,image,87,test/20087.png,0,0,0,0,0,0,0,0,0,,,,
A1,image,88,test/20088.png,0,0,0,0,0,0,0,0,0,,,,
A1,image,89,test/20089.png,0,0,0,0,0,0,0,0,0,,,,
A1,image,90,test/20090.png,0,0,0,0,0,0,0,0,0,,,,
A1,image,91,test/20091.png,0,0,0,0,0,0,0,0,0,,,,
A1,image,92,test/20092.png,0,0,0,0,0,0,0,0,0,,,,
A1,image,93,test/20093.png,0,0,0,0,0,0,0,0,0,,,,
A1,image,94,test/20094.png,0,0,0,0,0,0,0,0,0,,,,
A1,image,95,test/20095.png,2176,2151,2158,1,8,2150,17,0,0,0.9885110294117647,0.9917279411764706,0.00045955882352941176,0.003676470588235294
A1,image,96,test/20096.png,0,0,0,0,0,0,0,0,0,,,,
A1,image,97,test/20097.png,0,0,0,0,0,0,0,0,0,,,,
A1,image,98,test/20098.png,0,0,0,0,0,0,0,0,0,,,,
A1,image,99,test/20099.png,1728,1720,1718,4,2,1716,6,0,0,0.9953703703703703,0.9942129629629629,0.0023148148148148147,0.0011574074074074073
A1,image,100,test/20100.png,0,0,0,0,0,0,0,0,0,,,,
A1,image,101,test/20101.png,0,0,0,0,0,0,0,0,0,,,,
A1,image,102,test/20102.png,0,0,0,0,0,0,0,0,0,,,,
A1,image,103,test/20103.png,0,0,0,0,0,0,0,0,0,,,,
A1,image,104,test/20104.png,0,0,0,0,0,0,0,0,0,,,,
A1,image,105,test/20105.png,0,0,0,0,0,0,0,0,0,,,,
A1,image,106,test/20106.png,0,0,0,0,0,0,0,0,0,,,,
A1,image,107,test/20107.png,0,0,0,0,0,0,0,0,0,,,,
A1,image,108,test/20108.png,0,0,0,0,0,0,0,0,0,,,,
A1,image,109,test/20109.png,0,0,0,0,0,0,0,0,0,,,,
A1,image,110,test/20110.png,0,0,0,0,0,0,0,0,0,,,,
A1,image,111,test/20111.png,0,0,0,0,0,0,0,0,0,,,,
A1,image,112,test/20112.png,0,0,0,0,0,0,0,0,0,,,,
A1,image,113,test/20113.png,0,0,0,0,0,0,0,0,0,,,,
A1,image,114,test/20114.png,0,0,0,0,0,0,0,0,0,,,,
A1,image,115,test/20115.png,0,0,0,0,0,0,0,0,0,,,,
A1,image,116,test/20116.png,0,0,0,0,0,0,0,0,0,,,,
A1,image,117,test/20117.png,2048,2012,2004,9,1,2003,35,0,0,0.982421875,0.978515625,0.00439453125,0.00048828125
A1,image,118,test/20118.png,2368,2139,2157,12,30,2127,199,0,0,0.903293918918919,0.9108952702702703,0.005067567567567568,0.01266891891891892
A1,image,119,test/20119.png,0,0,0,0,0,0,0,0,0,,,,
A1,image,120,test/20120.png,0,0,0,0,0,0,0,0,0,,,,
A1,image,121,test/20121.png,3136,3119,3111,10,2,3109,15,0,0,0.9945790816326531,0.9920280612244898,0.0031887755102040817,0.0006377551020408163
A1,image,122,test/20122.png,0,0,0,0,0,0,0,0,0,,,,
A1,image,123,test/20123.png,0,0,0,0,0,0,0,0,0,,,,
A1,image,124,test/20124.png,0,0,0,0,0,0,0,0,0,,,,
A1,image,125,test/20125.png,1152,1152,1152,0,0,1152,0,0,0,1.0,1.0,0.0,0.0
A1,image,126,test/20126.png,0,0,0,0,0,0,0,0,0,,,,
A1,image,127,test/20127.png,0,0,0,0,0,0,0,0,0,,,,
A1,image,128,test/20128.png,0,0,0,0,0,0,0,0,0,,,,
A1,image,129,test/20129.png,1152,1151,1151,0,0,1151,1,0,0,0.9991319444444444,0.9991319444444444,0.0,0.0
A1,image,130,test/20130.png,960,959,960,0,1,959,0,0,0,0.9989583333333333,1.0,0.0,0.0010416666666666667
A1,image,131,test/20131.png,0,0,0,0,0,0,0,0,0,,,,
A1,image,132,test/20132.png,0,0,0,0,0,0,0,0,0,,,,
A1,image,133,test/20133.png,0,0,0,0,0,0,0,0,0,,,,
A1,image,134,test/20134.png,0,0,0,0,0,0,0,0,0,,,,
A1,image,135,test/20135.png,0,0,0,0,0,0,0,0,0,,,,
A1,image,136,test/20136.png,0,0,0,0,0,0,0,0,0,,,,
A1,image,137,test/20137.png,0,0,0,0,0,0,0,0,0,,,,
A1,image,138,test/20138.png,0,0,0,0,0,0,0,0,0,,,,
A1,image,139,test/20139.png,384,337,325,13,1,324,46,0,0,0.8776041666666666,0.8463541666666666,0.033854166666666664,0.0026041666666666665
A1,image,140,test/20140.png,0,0,0,0,0,0,0,0,0,,,,
A1,image,141,test/20141.png,1856,1748,1784,9,45,1739,63,0,0,0.9418103448275862,0.9612068965517241,0.004849137931034483,0.024245689655172414
A1,image,142,test/20142.png,896,704,740,1,37,703,155,0,0,0.7857142857142857,0.8258928571428571,0.0011160714285714285,0.041294642857142856
A1,image,143,test/20143.png,0,0,0,0,0,0,0,0,0,,,,
A1,image,144,test/20144.png,0,0,0,0,0,0,0,0,0,,,,
A1,image,145,test/20145.png,0,0,0,0,0,0,0,0,0,,,,
A1,image,146,test/20146.png,0,0,0,0,0,0,0,0,0,,,,
A1,image,147,test/20147.png,0,0,0,0,0,0,0,0,0,,,,
A1,image,148,test/20148.png,0,0,0,0,0,0,0,0,0,,,,
A1,image,149,test/20149.png,0,0,0,0,0,0,0,0,0,,,,
A1,image,150,test/20150.png,0,0,0,0,0,0,0,0,0,,,,
A1,image,151,test/20151.png,0,0,0,0,0,0,0,0,0,,,,
A1,image,152,test/20152.png,0,0,0,0,0,0,0,0,0,,,,
A1,image,153,test/20153.png,0,0,0,0,0,0,0,0,0,,,,
A1,image,154,test/20154.png,0,0,0,0,0,0,0,0,0,,,,
A1,image,155,test/20155.png,768,742,745,2,5,740,21,0,0,0.9661458333333334,0.9700520833333334,0.0026041666666666665,0.006510416666666667
A1,image,156,test/20156.png,0,0,0,0,0,0,0,0,0,,,,
A1,image,157,test/20157.png,0,0,0,0,0,0,0,0,0,,,,
A1,image,158,test/20158.png,4096,4061,4067,1,7,4060,28,0,0,0.991455078125,0.992919921875,0.000244140625,0.001708984375
A1,image,159,test/20159.png,832,808,808,2,2,806,22,0,0,0.9711538461538461,0.9711538461538461,0.002403846153846154,0.002403846153846154
A1,image,160,test/20160.png,0,0,0,0,0,0,0,0,0,,,,
A1,image,161,test/20161.png,0,0,0,0,0,0,0,0,0,,,,
A1,image,162,test/20162.png,0,0,0,0,0,0,0,0,0,,,,
A1,image,163,test/20163.png,0,0,0,0,0,0,0,0,0,,,,
A1,image,164,test/20164.png,0,0,0,0,0,0,0,0,0,,,,
A1,image,165,test/20165.png,0,0,0,0,0,0,0,0,0,,,,
A1,image,166,test/20166.png,0,0,0,0,0,0,0,0,0,,,,
A1,image,167,test/20167.png,0,0,0,0,0,0,0,0,0,,,,
A1,image,168,test/20168.png,0,0,0,0,0,0,0,0,0,,,,
A1,image,169,test/20169.png,0,0,0,0,0,0,0,0,0,,,,
A1,image,170,test/20170.png,0,0,0,0,0,0,0,0,0,,,,
A1,image,171,test/20171.png,0,0,0,0,0,0,0,0,0,,,,
A1,image,172,test/20172.png,1344,1344,1344,0,0,1344,0,0,0,1.0,1.0,0.0,0.0
A1,image,173,test/20173.png,0,0,0,0,0,0,0,0,0,,,,
A1,image,174,test/20174.png,0,0,0,0,0,0,0,0,0,,,,
A1,image,175,test/20175.png,704,703,704,0,1,703,0,0,0,0.9985795454545454,1.0,0.0,0.0014204545454545455
A1,image,176,test/20176.png,0,0,0,0,0,0,0,0,0,,,,
A1,image,177,test/20177.png,640,586,588,1,3,585,51,0,0,0.915625,0.91875,0.0015625,0.0046875
A1,image,178,test/20178.png,0,0,0,0,0,0,0,0,0,,,,
A1,image,179,test/20179.png,0,0,0,0,0,0,0,0,0,,,,
A1,image,180,test/20180.png,0,0,0,0,0,0,0,0,0,,,,
A1,image,181,test/20181.png,0,0,0,0,0,0,0,0,0,,,,
A1,image,182,test/20182.png,0,0,0,0,0,0,0,0,0,,,,
A1,image,183,test/20183.png,0,0,0,0,0,0,0,0,0,,,,
A1,image,184,test/20184.png,0,0,0,0,0,0,0,0,0,,,,
A1,image,185,test/20185.png,0,0,0,0,0,0,0,0,0,,,,
A1,image,186,test/20186.png,0,0,0,0,0,0,0,0,0,,,,
A1,image,187,test/20187.png,0,0,0,0,0,0,0,0,0,,,,
A1,image,188,test/20188.png,0,0,0,0,0,0,0,0,0,,,,
A1,image,189,test/20189.png,0,0,0,0,0,0,0,0,0,,,,
A1,image,190,test/20190.png,2304,2304,2304,0,0,2304,0,0,0,1.0,1.0,0.0,0.0
A1,image,191,test/20191.png,0,0,0,0,0,0,0,0,0,,,,
A1,image,192,test/20192.png,0,0,0,0,0,0,0,0,0,,,,
A1,image,193,test/20193.png,4096,3878,3878,32,32,3846,186,0,0,0.94677734375,0.94677734375,0.0078125,0.0078125
A1,image,194,test/20194.png,0,0,0,0,0,0,0,0,0,,,,
A1,image,195,test/20195.png,0,0,0,0,0,0,0,0,0,,,,
A1,image,196,test/20196.png,0,0,0,0,0,0,0,0,0,,,,
A1,image,197,test/20197.png,0,0,0,0,0,0,0,0,0,,,,
A1,image,198,test/20198.png,0,0,0,0,0,0,0,0,0,,,,
A1,image,199,test/20199.png,0,0,0,0,0,0,0,0,0,,,,
A1,image,200,test/20200.png,0,0,0,0,0,0,0,0,0,,,,
A1,image,201,test/20201.png,0,0,0,0,0,0,0,0,0,,,,
A1,image,202,test/20202.png,0,0,0,0,0,0,0,0,0,,,,
A1,image,203,test/20203.png,0,0,0,0,0,0,0,0,0,,,,
A1,image,204,test/20204.png,1920,1919,1919,0,0,1919,1,0,0,0.9994791666666667,0.9994791666666667,0.0,0.0
A1,image,205,test/20205.png,0,0,0,0,0,0,0,0,0,,,,
A1,image,206,test/20206.png,0,0,0,0,0,0,0,0,0,,,,
A1,image,207,test/20207.png,0,0,0,0,0,0,0,0,0,,,,
A1,image,208,test/20208.png,0,0,0,0,0,0,0,0,0,,,,
A1,image,209,test/20209.png,4096,3999,3997,15,13,3984,84,0,0,0.976318359375,0.975830078125,0.003662109375,0.003173828125
A1,image,210,test/20210.png,0,0,0,0,0,0,0,0,0,,,,
A1,image,211,test/20211.png,0,0,0,0,0,0,0,0,0,,,,
A1,image,212,test/20212.png,0,0,0,0,0,0,0,0,0,,,,
A1,image,213,test/20213.png,0,0,0,0,0,0,0,0,0,,,,
A1,image,214,test/20214.png,0,0,0,0,0,0,0,0,0,,,,
A1,image,215,test/20215.png,0,0,0,0,0,0,0,0,0,,,,
A1,image,216,test/20216.png,0,0,0,0,0,0,0,0,0,,,,
A1,image,217,test/20217.png,1408,1406,1404,3,1,1403,1,0,0,0.9985795454545454,0.9971590909090909,0.002130681818181818,0.0007102272727272727
A1,image,218,test/20218.png,0,0,0,0,0,0,0,0,0,,,,
A1,image,219,test/20219.png,0,0,0,0,0,0,0,0,0,,,,
A1,image,220,test/20220.png,0,0,0,0,0,0,0,0,0,,,,
A1,image,221,test/20221.png,0,0,0,0,0,0,0,0,0,,,,
A1,image,222,test/20222.png,0,0,0,0,0,0,0,0,0,,,,
A1,image,223,test/20223.png,0,0,0,0,0,0,0,0,0,,,,
A1,image,224,test/20224.png,0,0,0,0,0,0,0,0,0,,,,
A1,image,225,test/20225.png,0,0,0,0,0,0,0,0,0,,,,
A1,image,226,test/20226.png,0,0,0,0,0,0,0,0,0,,,,
A1,image,227,test/20227.png,0,0,0,0,0,0,0,0,0,,,,
A1,image,228,test/20228.png,128,37,58,1,22,36,69,0,0,0.2890625,0.453125,0.0078125,0.171875
A1,image,229,test/20229.png,0,0,0,0,0,0,0,0,0,,,,
A1,image,230,test/20230.png,0,0,0,0,0,0,0,0,0,,,,
A1,image,231,test/20231.png,320,312,314,2,4,310,4,0,0,0.975,0.98125,0.00625,0.0125
A1,image,232,test/20232.png,0,0,0,0,0,0,0,0,0,,,,
A1,image,233,test/20233.png,0,0,0,0,0,0,0,0,0,,,,
A1,image,234,test/20234.png,0,0,0,0,0,0,0,0,0,,,,
A1,image,235,test/20235.png,0,0,0,0,0,0,0,0,0,,,,
A1,image,236,test/20236.png,384,235,239,3,7,232,142,0,0,0.6119791666666666,0.6223958333333334,0.0078125,0.018229166666666668
A1,image,237,test/20237.png,0,0,0,0,0,0,0,0,0,,,,
A1,image,238,test/20238.png,0,0,0,0,0,0,0,0,0,,,,
A1,image,239,test/20239.png,0,0,0,0,0,0,0,0,0,,,,
A1,image,240,test/20240.png,0,0,0,0,0,0,0,0,0,,,,
A1,image,241,test/20241.png,0,0,0,0,0,0,0,0,0,,,,
A1,image,242,test/20242.png,0,0,0,0,0,0,0,0,0,,,,
A1,image,243,test/20243.png,0,0,0,0,0,0,0,0,0,,,,
A1,image,244,test/20244.png,0,0,0,0,0,0,0,0,0,,,,
A1,image,245,test/20245.png,0,0,0,0,0,0,0,0,0,,,,
A1,image,246,test/20246.png,832,831,832,0,1,831,0,0,0,0.9987980769230769,1.0,0.0,0.001201923076923077
A1,image,247,test/20247.png,0,0,0,0,0,0,0,0,0,,,,
A1,image,248,test/20248.png,0,0,0,0,0,0,0,0,0,,,,
A1,image,249,test/20249.png,0,0,0,0,0,0,0,0,0,,,,
A1,image,250,test/20250.png,0,0,0,0,0,0,0,0,0,,,,
A1,image,251,test/20251.png,0,0,0,0,0,0,0,0,0,,,,
A1,image,252,test/20252.png,0,0,0,0,0,0,0,0,0,,,,
A1,image,253,test/20253.png,0,0,0,0,0,0,0,0,0,,,,
A1,image,254,test/20254.png,0,0,0,0,0,0,0,0,0,,,,
A1,image,255,test/20255.png,0,0,0,0,0,0,0,0,0,,,,
A1,image,256,test/20256.png,0,0,0,0,0,0,0,0,0,,,,
A1,image,257,test/20257.png,0,0,0,0,0,0,0,0,0,,,,
A1,image,258,test/20258.png,0,0,0,0,0,0,0,0,0,,,,
A1,image,259,test/20259.png,448,407,413,9,15,398,26,0,0,0.9084821428571429,0.921875,0.020089285714285716,0.033482142857142856
A1,image,260,test/20260.png,0,0,0,0,0,0,0,0,0,,,,
A1,image,261,test/20261.png,0,0,0,0,0,0,0,0,0,,,,
A1,image,262,test/20262.png,0,0,0,0,0,0,0,0,0,,,,
A1,image,263,test/20263.png,0,0,0,0,0,0,0,0,0,,,,
A1,image,264,test/20264.png,1920,1905,1900,9,4,1896,11,0,0,0.9921875,0.9895833333333334,0.0046875,0.0020833333333333333
A1,image,265,test/20265.png,0,0,0,0,0,0,0,0,0,,,,
A1,image,266,test/20266.png,0,0,0,0,0,0,0,0,0,,,,
A1,image,267,test/20267.png,0,0,0,0,0,0,0,0,0,,,,
A1,image,268,test/20268.png,0,0,0,0,0,0,0,0,0,,,,
A1,image,269,test/20269.png,0,0,0,0,0,0,0,0,0,,,,
A1,image,270,test/20270.png,0,0,0,0,0,0,0,0,0,,,,
A1,image,271,test/20271.png,0,0,0,0,0,0,0,0,0,,,,
A1,image,272,test/20272.png,0,0,0,0,0,0,0,0,0,,,,
A1,image,273,test/20273.png,0,0,0,0,0,0,0,0,0,,,,
A1,image,274,test/20274.png,0,0,0,0,0,0,0,0,0,,,,
A1,image,275,test/20275.png,192,192,192,0,0,192,0,0,0,1.0,1.0,0.0,0.0
A1,image,276,test/20276.png,0,0,0,0,0,0,0,0,0,,,,
A1,image,277,test/20277.png,0,0,0,0,0,0,0,0,0,,,,
A1,image,278,test/20278.png,0,0,0,0,0,0,0,0,0,,,,
A1,image,279,test/20279.png,0,0,0,0,0,0,0,0,0,,,,
A1,image,280,test/20280.png,0,0,0,0,0,0,0,0,0,,,,
A1,image,281,test/20281.png,1216,1063,1065,35,37,1028,116,0,0,0.8741776315789473,0.8758223684210527,0.028782894736842105,0.03042763157894737
A1,image,282,test/20282.png,0,0,0,0,0,0,0,0,0,,,,
A1,image,283,test/20283.png,0,0,0,0,0,0,0,0,0,,,,
A1,image,284,test/20284.png,0,0,0,0,0,0,0,0,0,,,,
A1,image,285,test/20285.png,0,0,0,0,0,0,0,0,0,,,,
A1,image,286,test/20286.png,0,0,0,0,0,0,0,0,0,,,,
A1,image,287,test/20287.png,0,0,0,0,0,0,0,0,0,,,,
A1,image,288,test/20288.png,0,0,0,0,0,0,0,0,0,,,,
A1,image,289,test/20289.png,0,0,0,0,0,0,0,0,0,,,,
A1,image,290,test/20290.png,0,0,0,0,0,0,0,0,0,,,,
A1,image,291,test/20291.png,0,0,0,0,0,0,0,0,0,,,,
A1,image,292,test/20292.png,0,0,0,0,0,0,0,0,0,,,,
A1,image,293,test/20293.png,0,0,0,0,0,0,0,0,0,,,,
A1,image,294,test/20294.png,0,0,0,0,0,0,0,0,0,,,,
A1,image,295,test/20295.png,832,827,820,7,0,820,5,0,0,0.9939903846153846,0.9855769230769231,0.008413461538461538,0.0
A1,image,296,test/20296.png,0,0,0,0,0,0,0,0,0,,,,
A1,image,297,test/20297.png,256,255,256,0,1,255,0,0,0,0.99609375,1.0,0.0,0.00390625
A1,image,298,test/20298.png,0,0,0,0,0,0,0,0,0,,,,
A1,image,299,test/20299.png,0,0,0,0,0,0,0,0,0,,,,
A1,image,300,test/20300.png,0,0,0,0,0,0,0,0,0,,,,
A1,image,301,test/20301.png,0,0,0,0,0,0,0,0,0,,,,
A1,image,302,test/20302.png,0,0,0,0,0,0,0,0,0,,,,
A1,image,303,test/20303.png,0,0,0,0,0,0,0,0,0,,,,
A1,image,304,test/20304.png,0,0,0,0,0,0,0,0,0,,,,
A1,image,305,test/20305.png,0,0,0,0,0,0,0,0,0,,,,
A1,image,306,test/20306.png,0,0,0,0,0,0,0,0,0,,,,
A1,image,307,test/20307.png,0,0,0,0,0,0,0,0,0,,,,
A1,image,308,test/20308.png,0,0,0,0,0,0,0,0,0,,,,
A1,image,309,test/20309.png,0,0,0,0,0,0,0,0,0,,,,
A1,image,310,test/20310.png,0,0,0,0,0,0,0,0,0,,,,
A1,image,311,test/20311.png,0,0,0,0,0,0,0,0,0,,,,
A1,image,312,test/20312.png,0,0,0,0,0,0,0,0,0,,,,
A1,image,313,test/20313.png,0,0,0,0,0,0,0,0,0,,,,
A1,image,314,test/20314.png,0,0,0,0,0,0,0,0,0,,,,
A1,image,315,test/20315.png,0,0,0,0,0,0,0,0,0,,,,
A1,image,316,test/20316.png,0,0,0,0,0,0,0,0,0,,,,
A1,image,317,test/20317.png,0,0,0,0,0,0,0,0,0,,,,
A1,image,318,test/20318.png,0,0,0,0,0,0,0,0,0,,,,
A1,image,319,test/20319.png,576,562,571,0,9,562,5,0,0,0.9756944444444444,0.9913194444444444,0.0,0.015625
A1,image,320,test/20320.png,0,0,0,0,0,0,0,0,0,,,,
A1,image,321,test/20321.png,0,0,0,0,0,0,0,0,0,,,,
A1,image,322,test/20322.png,0,0,0,0,0,0,0,0,0,,,,
A1,image,323,test/20323.png,0,0,0,0,0,0,0,0,0,,,,
A1,image,324,test/20324.png,0,0,0,0,0,0,0,0,0,,,,
A1,image,325,test/20325.png,0,0,0,0,0,0,0,0,0,,,,
A1,image,326,test/20326.png,0,0,0,0,0,0,0,0,0,,,,
A1,image,327,test/20327.png,0,0,0,0,0,0,0,0,0,,,,
A1,image,328,test/20328.png,0,0,0,0,0,0,0,0,0,,,,
A1,image,329,test/20329.png,0,0,0,0,0,0,0,0,0,,,,
A1,image,330,test/20330.png,0,0,0,0,0,0,0,0,0,,,,
A1,image,331,test/20331.png,0,0,0,0,0,0,0,0,0,,,,
A1,image,332,test/20332.png,0,0,0,0,0,0,0,0,0,,,,
A1,image,333,test/20333.png,0,0,0,0,0,0,0,0,0,,,,
A1,image,334,test/20334.png,2944,2920,2903,18,1,2902,23,0,0,0.9918478260869565,0.9860733695652174,0.006114130434782609,0.00033967391304347825
A1,image,335,test/20335.png,0,0,0,0,0,0,0,0,0,,,,
A1,image,336,test/20336.png,0,0,0,0,0,0,0,0,0,,,,
A1,image,337,test/20337.png,0,0,0,0,0,0,0,0,0,,,,
A1,image,338,test/20338.png,0,0,0,0,0,0,0,0,0,,,,
A1,image,339,test/20339.png,0,0,0,0,0,0,0,0,0,,,,
A1,image,340,test/20340.png,0,0,0,0,0,0,0,0,0,,,,
A1,image,341,test/20341.png,0,0,0,0,0,0,0,0,0,,,,
A1,image,342,test/20342.png,0,0,0,0,0,0,0,0,0,,,,
A1,image,343,test/20343.png,0,0,0,0,0,0,0,0,0,,,,
A1,image,344,test/20344.png,0,0,0,0,0,0,0,0,0,,,,
A1,image,345,test/20345.png,0,0,0,0,0,0,0,0,0,,,,
A1,image,346,test/20346.png,0,0,0,0,0,0,0,0,0,,,,
A1,image,347,test/20347.png,0,0,0,0,0,0,0,0,0,,,,
A1,image,348,test/20348.png,0,0,0,0,0,0,0,0,0,,,,
A1,image,349,test/20349.png,0,0,0,0,0,0,0,0,0,,,,
A1,image,350,test/20350.png,0,0,0,0,0,0,0,0,0,,,,
A1,image,351,test/20351.png,0,0,0,0,0,0,0,0,0,,,,
A1,image,352,test/20352.png,0,0,0,0,0,0,0,0,0,,,,
A1,image,353,test/20353.png,0,0,0,0,0,0,0,0,0,,,,
A1,image,354,test/20354.png,0,0,0,0,0,0,0,0,0,,,,
A1,image,355,test/20355.png,0,0,0,0,0,0,0,0,0,,,,
A1,image,356,test/20356.png,0,0,0,0,0,0,0,0,0,,,,
A1,image,357,test/20357.png,0,0,0,0,0,0,0,0,0,,,,
A1,image,358,test/20358.png,0,0,0,0,0,0,0,0,0,,,,
A1,image,359,test/20359.png,0,0,0,0,0,0,0,0,0,,,,
A1,image,360,test/20360.png,0,0,0,0,0,0,0,0,0,,,,
A1,image,361,test/20361.png,0,0,0,0,0,0,0,0,0,,,,
A1,image,362,test/20362.png,0,0,0,0,0,0,0,0,0,,,,
A1,image,363,test/20363.png,0,0,0,0,0,0,0,0,0,,,,
A1,image,364,test/20364.png,0,0,0,0,0,0,0,0,0,,,,
A1,image,365,test/20365.png,0,0,0,0,0,0,0,0,0,,,,
A1,image,366,test/20366.png,0,0,0,0,0,0,0,0,0,,,,
A1,image,367,test/20367.png,0,0,0,0,0,0,0,0,0,,,,
A1,image,368,test/20368.png,0,0,0,0,0,0,0,0,0,,,,
A1,image,369,test/20369.png,0,0,0,0,0,0,0,0,0,,,,
A1,image,370,test/20370.png,0,0,0,0,0,0,0,0,0,,,,
A1,image,371,test/20371.png,0,0,0,0,0,0,0,0,0,,,,
A1,image,372,test/20372.png,0,0,0,0,0,0,0,0,0,,,,
A1,image,373,test/20373.png,0,0,0,0,0,0,0,0,0,,,,
A1,image,374,test/20374.png,0,0,0,0,0,0,0,0,0,,,,
A1,image,375,test/20375.png,0,0,0,0,0,0,0,0,0,,,,
A1,image,376,test/20376.png,0,0,0,0,0,0,0,0,0,,,,
A1,image,377,test/20377.png,0,0,0,0,0,0,0,0,0,,,,
A1,image,378,test/20378.png,1472,1472,1472,0,0,1472,0,0,0,1.0,1.0,0.0,0.0
A1,image,379,test/20379.png,0,0,0,0,0,0,0,0,0,,,,
A1,image,380,test/20380.png,0,0,0,0,0,0,0,0,0,,,,
A1,image,381,test/20381.png,0,0,0,0,0,0,0,0,0,,,,
A1,image,382,test/20382.png,0,0,0,0,0,0,0,0,0,,,,
A1,image,383,test/20383.png,0,0,0,0,0,0,0,0,0,,,,
A1,image,384,test/20384.png,0,0,0,0,0,0,0,0,0,,,,
A1,image,385,test/20385.png,0,0,0,0,0,0,0,0,0,,,,
A1,image,386,test/20386.png,0,0,0,0,0,0,0,0,0,,,,
A1,image,387,test/20387.png,0,0,0,0,0,0,0,0,0,,,,
A1,image,388,test/20388.png,0,0,0,0,0,0,0,0,0,,,,
A1,image,389,test/20389.png,0,0,0,0,0,0,0,0,0,,,,
A1,image,390,test/20390.png,0,0,0,0,0,0,0,0,0,,,,
A1,image,391,test/20391.png,0,0,0,0,0,0,0,0,0,,,,
A1,image,392,test/20392.png,4096,4003,3973,33,3,3970,90,0,0,0.977294921875,0.969970703125,0.008056640625,0.000732421875
A1,image,393,test/20393.png,0,0,0,0,0,0,0,0,0,,,,
A1,image,394,test/20394.png,0,0,0,0,0,0,0,0,0,,,,
A1,image,395,test/20395.png,0,0,0,0,0,0,0,0,0,,,,
A1,image,396,test/20396.png,0,0,0,0,0,0,0,0,0,,,,
A1,image,397,test/20397.png,0,0,0,0,0,0,0,0,0,,,,
A1,image,398,test/20398.png,0,0,0,0,0,0,0,0,0,,,,
A1,image,399,test/20399.png,0,0,0,0,0,0,0,0,0,,,,
A1,image,400,test/20400.png,0,0,0,0,0,0,0,0,0,,,,
A1,image,401,test/20401.png,0,0,0,0,0,0,0,0,0,,,,
A1,image,402,test/20402.png,0,0,0,0,0,0,0,0,0,,,,
A1,image,403,test/20403.png,4096,4000,3978,29,7,3971,89,0,0,0.9765625,0.97119140625,0.007080078125,0.001708984375
A1,image,404,test/20404.png,0,0,0,0,0,0,0,0,0,,,,
A1,image,405,test/20405.png,0,0,0,0,0,0,0,0,0,,,,
A1,image,406,test/20406.png,0,0,0,0,0,0,0,0,0,,,,
A1,image,407,test/20407.png,0,0,0,0,0,0,0,0,0,,,,
A1,image,408,test/20408.png,0,0,0,0,0,0,0,0,0,,,,
A1,image,409,test/20409.png,0,0,0,0,0,0,0,0,0,,,,
A1,image,410,test/20410.png,0,0,0,0,0,0,0,0,0,,,,
A1,image,411,test/20411.png,0,0,0,0,0,0,0,0,0,,,,
A1,image,412,test/20412.png,0,0,0,0,0,0,0,0,0,,,,
A1,image,413,test/20413.png,0,0,0,0,0,0,0,0,0,,,,
A1,image,414,test/20414.png,0,0,0,0,0,0,0,0,0,,,,
A1,image,415,test/20415.png,0,0,0,0,0,0,0,0,0,,,,
A1,image,416,test/20416.png,4096,3983,3981,12,10,3971,103,0,0,0.972412109375,0.971923828125,0.0029296875,0.00244140625
A1,image,417,test/20417.png,0,0,0,0,0,0,0,0,0,,,,
A1,image,418,test/20418.png,0,0,0,0,0,0,0,0,0,,,,
A1,image,419,test/20419.png,0,0,0,0,0,0,0,0,0,,,,
A1,image,420,test/20420.png,0,0,0,0,0,0,0,0,0,,,,
A1,image,421,test/20421.png,0,0,0,0,0,0,0,0,0,,,,
A1,image,422,test/20422.png,0,0,0,0,0,0,0,0,0,,,,
A1,image,423,test/20423.png,0,0,0,0,0,0,0,0,0,,,,
A1,image,424,test/20424.png,0,0,0,0,0,0,0,0,0,,,,
A1,image,425,test/20425.png,0,0,0,0,0,0,0,0,0,,,,
A1,image,426,test/20426.png,448,446,447,0,1,446,1,0,0,0.9955357142857143,0.9977678571428571,0.0,0.002232142857142857
A1,image,427,test/20427.png,0,0,0,0,0,0,0,0,0,,,,
A1,image,428,test/20428.png,896,896,896,0,0,896,0,0,0,1.0,1.0,0.0,0.0
A1,image,429,test/20429.png,0,0,0,0,0,0,0,0,0,,,,
A1,image,430,test/20430.png,0,0,0,0,0,0,0,0,0,,,,
A1,image,431,test/20431.png,0,0,0,0,0,0,0,0,0,,,,
A1,image,432,test/20432.png,0,0,0,0,0,0,0,0,0,,,,
A1,image,433,test/20433.png,0,0,0,0,0,0,0,0,0,,,,
A1,image,434,test/20434.png,1600,1581,1582,2,3,1579,16,0,0,0.988125,0.98875,0.00125,0.001875
A1,image,435,test/20435.png,0,0,0,0,0,0,0,0,0,,,,
A1,image,436,test/20436.png,0,0,0,0,0,0,0,0,0,,,,
A1,image,437,test/20437.png,0,0,0,0,0,0,0,0,0,,,,
A1,image,438,test/20438.png,0,0,0,0,0,0,0,0,0,,,,
A1,image,439,test/20439.png,4096,3700,3696,50,46,3650,350,0,0,0.9033203125,0.90234375,0.01220703125,0.01123046875
A1,image,440,test/20440.png,0,0,0,0,0,0,0,0,0,,,,
A1,image,441,test/20441.png,0,0,0,0,0,0,0,0,0,,,,
A1,image,442,test/20442.png,0,0,0,0,0,0,0,0,0,,,,
A1,image,443,test/20443.png,0,0,0,0,0,0,0,0,0,,,,
A1,image,444,test/20444.png,0,0,0,0,0,0,0,0,0,,,,
A1,image,445,test/20445.png,0,0,0,0,0,0,0,0,0,,,,
A1,image,446,test/20446.png,0,0,0,0,0,0,0,0,0,,,,
A1,image,447,test/20447.png,0,0,0,0,0,0,0,0,0,,,,
A1,image,448,test/20448.png,0,0,0,0,0,0,0,0,0,,,,
A1,image,449,test/20449.png,0,0,0,0,0,0,0,0,0,,,,
A1,image,450,test/20450.png,0,0,0,0,0,0,0,0,0,,,,
A1,image,451,test/20451.png,0,0,0,0,0,0,0,0,0,,,,
A1,image,452,test/20452.png,640,640,640,0,0,640,0,0,0,1.0,1.0,0.0,0.0
A1,image,453,test/20453.png,0,0,0,0,0,0,0,0,0,,,,
A1,image,454,test/20454.png,0,0,0,0,0,0,0,0,0,,,,
A1,image,455,test/20455.png,0,0,0,0,0,0,0,0,0,,,,
A1,image,456,test/20456.png,0,0,0,0,0,0,0,0,0,,,,
A1,image,457,test/20457.png,3712,3640,3647,5,12,3635,60,0,0,0.9806034482758621,0.982489224137931,0.0013469827586206897,0.003232758620689655
A1,image,458,test/20458.png,0,0,0,0,0,0,0,0,0,,,,
A1,image,459,test/20459.png,0,0,0,0,0,0,0,0,0,,,,
A1,image,460,test/20460.png,0,0,0,0,0,0,0,0,0,,,,
A1,image,461,test/20461.png,0,0,0,0,0,0,0,0,0,,,,
A1,image,462,test/20462.png,0,0,0,0,0,0,0,0,0,,,,
A1,image,463,test/20463.png,0,0,0,0,0,0,0,0,0,,,,
A1,image,464,test/20464.png,0,0,0,0,0,0,0,0,0,,,,
A1,image,465,test/20465.png,2496,2439,2431,14,6,2425,51,0,0,0.9771634615384616,0.9739583333333334,0.005608974358974359,0.002403846153846154
A1,image,466,test/20466.png,0,0,0,0,0,0,0,0,0,,,,
A1,image,467,test/20467.png,0,0,0,0,0,0,0,0,0,,,,
A1,image,468,test/20468.png,0,0,0,0,0,0,0,0,0,,,,
A1,image,469,test/20469.png,0,0,0,0,0,0,0,0,0,,,,
A1,image,470,test/20470.png,0,0,0,0,0,0,0,0,0,,,,
A1,image,471,test/20471.png,0,0,0,0,0,0,0,0,0,,,,
A1,image,472,test/20472.png,0,0,0,0,0,0,0,0,0,,,,
A1,image,473,test/20473.png,0,0,0,0,0,0,0,0,0,,,,
A1,image,474,test/20474.png,0,0,0,0,0,0,0,0,0,,,,
A1,image,475,test/20475.png,0,0,0,0,0,0,0,0,0,,,,
A1,image,476,test/20476.png,0,0,0,0,0,0,0,0,0,,,,
A1,image,477,test/20477.png,0,0,0,0,0,0,0,0,0,,,,
A1,image,478,test/20478.png,0,0,0,0,0,0,0,0,0,,,,
A1,image,479,test/20479.png,0,0,0,0,0,0,0,0,0,,,,
A1,image,480,test/20480.png,0,0,0,0,0,0,0,0,0,,,,
A1,image,481,test/20481.png,0,0,0,0,0,0,0,0,0,,,,
A1,image,482,test/20482.png,0,0,0,0,0,0,0,0,0,,,,
A1,image,483,test/20483.png,0,0,0,0,0,0,0,0,0,,,,
A1,image,484,test/20484.png,0,0,0,0,0,0,0,0,0,,,,
A1,image,485,test/20485.png,0,0,0,0,0,0,0,0,0,,,,
A1,image,486,test/20486.png,960,958,958,0,0,958,2,0,0,0.9979166666666667,0.9979166666666667,0.0,0.0
A1,image,487,test/20487.png,832,831,831,0,0,831,1,0,0,0.9987980769230769,0.9987980769230769,0.0,0.0
A1,image,488,test/20488.png,0,0,0,0,0,0,0,0,0,,,,
A1,image,489,test/20489.png,0,0,0,0,0,0,0,0,0,,,,
A1,image,490,test/20490.png,0,0,0,0,0,0,0,0,0,,,,
A1,image,491,test/20491.png,0,0,0,0,0,0,0,0,0,,,,
A1,image,492,test/20492.png,0,0,0,0,0,0,0,0,0,,,,
A1,image,493,test/20493.png,0,0,0,0,0,0,0,0,0,,,,
A1,image,494,test/20494.png,0,0,0,0,0,0,0,0,0,,,,
A1,image,495,test/20495.png,0,0,0,0,0,0,0,0,0,,,,
A1,image,496,test/20496.png,0,0,0,0,0,0,0,0,0,,,,
A1,image,497,test/20497.png,0,0,0,0,0,0,0,0,0,,,,
A1,image,498,test/20498.png,0,0,0,0,0,0,0,0,0,,,,
A1,image,499,test/20499.png,0,0,0,0,0,0,0,0,0,,,,
A1,image,500,test/20500.png,0,0,0,0,0,0,0,0,0,,,,
A1,image,501,test/20501.png,0,0,0,0,0,0,0,0,0,,,,
A1,image,502,test/20502.png,4096,3942,3933,25,16,3917,138,0,0,0.96240234375,0.960205078125,0.006103515625,0.00390625
A1,image,503,test/20503.png,0,0,0,0,0,0,0,0,0,,,,
A1,image,504,test/20504.png,0,0,0,0,0,0,0,0,0,,,,
A1,image,505,test/20505.png,0,0,0,0,0,0,0,0,0,,,,
A1,image,506,test/20506.png,0,0,0,0,0,0,0,0,0,,,,
A1,image,507,test/20507.png,0,0,0,0,0,0,0,0,0,,,,
A1,image,508,test/20508.png,0,0,0,0,0,0,0,0,0,,,,
A1,image,509,test/20509.png,0,0,0,0,0,0,0,0,0,,,,
A1,image,510,test/20510.png,0,0,0,0,0,0,0,0,0,,,,
A1,image,511,test/20511.png,0,0,0,0,0,0,0,0,0,,,,
A1,image,512,test/20512.png,0,0,0,0,0,0,0,0,0,,,,
A1,image,513,test/20513.png,0,0,0,0,0,0,0,0,0,,,,
A1,image,514,test/20514.png,0,0,0,0,0,0,0,0,0,,,,
A1,image,515,test/20515.png,0,0,0,0,0,0,0,0,0,,,,
A1,image,516,test/20516.png,0,0,0,0,0,0,0,0,0,,,,
A1,image,517,test/20517.png,3648,3602,3609,1,8,3601,38,0,0,0.987390350877193,0.9893092105263158,0.00027412280701754384,0.0021929824561403508
A1,image,518,test/20518.png,0,0,0,0,0,0,0,0,0,,,,
A1,image,519,test/20519.png,0,0,0,0,0,0,0,0,0,,,,
A1,image,520,test/20520.png,0,0,0,0,0,0,0,0,0,,,,
A1,image,521,test/20521.png,0,0,0,0,0,0,0,0,0,,,,
A1,image,522,test/20522.png,0,0,0,0,0,0,0,0,0,,,,
A1,image,523,test/20523.png,1088,1083,1082,1,0,1082,5,0,0,0.9954044117647058,0.9944852941176471,0.0009191176470588235,0.0
A1,image,524,test/20524.png,0,0,0,0,0,0,0,0,0,,,,
A1,image,525,test/20525.png,0,0,0,0,0,0,0,0,0,,,,
A1,image,526,test/20526.png,0,0,0,0,0,0,0,0,0,,,,
A1,image,527,test/20527.png,0,0,0,0,0,0,0,0,0,,,,
A1,image,528,test/20528.png,0,0,0,0,0,0,0,0,0,,,,
A1,image,529,test/20529.png,0,0,0,0,0,0,0,0,0,,,,
A1,image,530,test/20530.png,0,0,0,0,0,0,0,0,0,,,,
A1,image,531,test/20531.png,0,0,0,0,0,0,0,0,0,,,,
A1,image,532,test/20532.png,0,0,0,0,0,0,0,0,0,,,,
A1,image,533,test/20533.png,0,0,0,0,0,0,0,0,0,,,,
A1,image,534,test/20534.png,0,0,0,0,0,0,0,0,0,,,,
A1,image,535,test/20535.png,1664,1660,1658,2,0,1658,4,0,0,0.9975961538461539,0.9963942307692307,0.001201923076923077,0.0
A1,image,536,test/20536.png,0,0,0,0,0,0,0,0,0,,,,
A1,image,537,test/20537.png,0,0,0,0,0,0,0,0,0,,,,
A1,image,538,test/20538.png,0,0,0,0,0,0,0,0,0,,,,
A1,image,539,test/20539.png,0,0,0,0,0,0,0,0,0,,,,
A1,image,540,test/20540.png,0,0,0,0,0,0,0,0,0,,,,
A1,image,541,test/20541.png,0,0,0,0,0,0,0,0,0,,,,
A1,image,542,test/20542.png,0,0,0,0,0,0,0,0,0,,,,
A1,image,543,test/20543.png,512,512,512,0,0,512,0,0,0,1.0,1.0,0.0,0.0
A1,image,544,test/20544.png,320,316,316,1,1,315,3,0,0,0.9875,0.9875,0.003125,0.003125
A1,image,545,test/20545.png,0,0,0,0,0,0,0,0,0,,,,
A1,image,546,test/20546.png,256,256,256,0,0,256,0,0,0,1.0,1.0,0.0,0.0
A1,image,547,test/20547.png,0,0,0,0,0,0,0,0,0,,,,
A1,image,548,test/20548.png,0,0,0,0,0,0,0,0,0,,,,
A1,image,549,test/20549.png,0,0,0,0,0,0,0,0,0,,,,
A1,image,550,test/20550.png,0,0,0,0,0,0,0,0,0,,,,
A1,image,551,test/20551.png,0,0,0,0,0,0,0,0,0,,,,
A1,image,552,test/20552.png,0,0,0,0,0,0,0,0,0,,,,
A1,image,553,test/20553.png,0,0,0,0,0,0,0,0,0,,,,
A1,image,554,test/20554.png,0,0,0,0,0,0,0,0,0,,,,
A1,image,555,test/20555.png,0,0,0,0,0,0,0,0,0,,,,
A1,image,556,test/20556.png,0,0,0,0,0,0,0,0,0,,,,
A1,image,557,test/20557.png,0,0,0,0,0,0,0,0,0,,,,
A1,image,558,test/20558.png,0,0,0,0,0,0,0,0,0,,,,
A1,image,559,test/20559.png,0,0,0,0,0,0,0,0,0,,,,
A1,image,560,test/20560.png,0,0,0,0,0,0,0,0,0,,,,
A1,image,561,test/20561.png,1792,1791,1792,0,1,1791,0,0,0,0.9994419642857143,1.0,0.0,0.0005580357142857143
A1,image,562,test/20562.png,0,0,0,0,0,0,0,0,0,,,,
A1,image,563,test/20563.png,0,0,0,0,0,0,0,0,0,,,,
A1,image,564,test/20564.png,512,507,504,3,0,504,5,0,0,0.990234375,0.984375,0.005859375,0.0
A1,image,565,test/20565.png,0,0,0,0,0,0,0,0,0,,,,
A1,image,566,test/20566.png,0,0,0,0,0,0,0,0,0,,,,
A1,image,567,test/20567.png,0,0,0,0,0,0,0,0,0,,,,
A1,image,568,test/20568.png,0,0,0,0,0,0,0,0,0,,,,
A1,image,569,test/20569.png,0,0,0,0,0,0,0,0,0,,,,
A1,image,570,test/20570.png,0,0,0,0,0,0,0,0,0,,,,
A1,image,571,test/20571.png,0,0,0,0,0,0,0,0,0,,,,
A1,image,572,test/20572.png,0,0,0,0,0,0,0,0,0,,,,
A1,image,573,test/20573.png,0,0,0,0,0,0,0,0,0,,,,
A1,image,574,test/20574.png,0,0,0,0,0,0,0,0,0,,,,
A1,image,575,test/20575.png,0,0,0,0,0,0,0,0,0,,,,
A1,image,576,test/20576.png,0,0,0,0,0,0,0,0,0,,,,
A1,image,577,test/20577.png,0,0,0,0,0,0,0,0,0,,,,
A1,image,578,test/20578.png,0,0,0,0,0,0,0,0,0,,,,
A1,image,579,test/20579.png,0,0,0,0,0,0,0,0,0,,,,
A1,image,580,test/20580.png,0,0,0,0,0,0,0,0,0,,,,
A1,image,581,test/20581.png,0,0,0,0,0,0,0,0,0,,,,
A1,image,582,test/20582.png,0,0,0,0,0,0,0,0,0,,,,
A1,image,583,test/20583.png,0,0,0,0,0,0,0,0,0,,,,
A1,image,584,test/20584.png,0,0,0,0,0,0,0,0,0,,,,
A1,image,585,test/20585.png,0,0,0,0,0,0,0,0,0,,,,
A1,image,586,test/20586.png,0,0,0,0,0,0,0,0,0,,,,
A1,image,587,test/20587.png,1152,1152,1152,0,0,1152,0,0,0,1.0,1.0,0.0,0.0
A1,image,588,test/20588.png,0,0,0,0,0,0,0,0,0,,,,
A1,image,589,test/20589.png,0,0,0,0,0,0,0,0,0,,,,
A1,image,590,test/20590.png,0,0,0,0,0,0,0,0,0,,,,
A1,image,591,test/20591.png,0,0,0,0,0,0,0,0,0,,,,
A1,image,592,test/20592.png,0,0,0,0,0,0,0,0,0,,,,
A1,image,593,test/20593.png,0,0,0,0,0,0,0,0,0,,,,
A1,image,594,test/20594.png,0,0,0,0,0,0,0,0,0,,,,
A1,image,595,test/20595.png,0,0,0,0,0,0,0,0,0,,,,
A1,image,596,test/20596.png,0,0,0,0,0,0,0,0,0,,,,
A1,image,597,test/20597.png,0,0,0,0,0,0,0,0,0,,,,
A1,image,598,test/20598.png,0,0,0,0,0,0,0,0,0,,,,
A1,image,599,test/20599.png,1984,1975,1978,0,3,1975,6,0,0,0.9954637096774194,0.9969758064516129,0.0,0.0015120967741935483
A1,image,600,test/20600.png,1536,1428,1429,9,10,1419,98,0,0,0.9296875,0.9303385416666666,0.005859375,0.006510416666666667
A1,image,601,test/20601.png,0,0,0,0,0,0,0,0,0,,,,
A1,image,602,test/20602.png,0,0,0,0,0,0,0,0,0,,,,
A1,image,603,test/20603.png,0,0,0,0,0,0,0,0,0,,,,
A1,image,604,test/20604.png,0,0,0,0,0,0,0,0,0,,,,
A1,image,605,test/20605.png,0,0,0,0,0,0,0,0,0,,,,
A1,image,606,test/20606.png,0,0,0,0,0,0,0,0,0,,,,
A1,image,607,test/20607.png,0,0,0,0,0,0,0,0,0,,,,
A1,image,608,test/20608.png,0,0,0,0,0,0,0,0,0,,,,
A1,image,609,test/20609.png,0,0,0,0,0,0,0,0,0,,,,
A1,image,610,test/20610.png,0,0,0,0,0,0,0,0,0,,,,
A1,image,611,test/20611.png,0,0,0,0,0,0,0,0,0,,,,
A1,image,612,test/20612.png,0,0,0,0,0,0,0,0,0,,,,
A1,image,613,test/20613.png,0,0,0,0,0,0,0,0,0,,,,
A1,image,614,test/20614.png,0,0,0,0,0,0,0,0,0,,,,
A1,image,615,test/20615.png,0,0,0,0,0,0,0,0,0,,,,
A1,image,616,test/20616.png,0,0,0,0,0,0,0,0,0,,,,
A1,image,617,test/20617.png,0,0,0,0,0,0,0,0,0,,,,
A1,image,618,test/20618.png,0,0,0,0,0,0,0,0,0,,,,
A1,image,619,test/20619.png,0,0,0,0,0,0,0,0,0,,,,
A1,image,620,test/20620.png,0,0,0,0,0,0,0,0,0,,,,
A1,image,621,test/20621.png,0,0,0,0,0,0,0,0,0,,,,
A1,image,622,test/20622.png,0,0,0,0,0,0,0,0,0,,,,
A1,image,623,test/20623.png,0,0,0,0,0,0,0,0,0,,,,
A1,image,624,test/20624.png,2048,2019,2019,3,3,2016,26,0,0,0.98583984375,0.98583984375,0.00146484375,0.00146484375
A1,image,625,test/20625.png,1600,1552,1550,15,13,1537,35,0,0,0.97,0.96875,0.009375,0.008125
A1,image,626,test/20626.png,0,0,0,0,0,0,0,0,0,,,,
A1,image,627,test/20627.png,0,0,0,0,0,0,0,0,0,,,,
A1,image,628,test/20628.png,0,0,0,0,0,0,0,0,0,,,,
A1,image,629,test/20629.png,0,0,0,0,0,0,0,0,0,,,,
A1,image,630,test/20630.png,0,0,0,0,0,0,0,0,0,,,,
A1,image,631,test/20631.png,0,0,0,0,0,0,0,0,0,,,,
A1,image,632,test/20632.png,640,615,600,16,1,599,24,0,0,0.9609375,0.9375,0.025,0.0015625
A1,image,633,test/20633.png,0,0,0,0,0,0,0,0,0,,,,
A1,image,634,test/20634.png,0,0,0,0,0,0,0,0,0,,,,
A1,image,635,test/20635.png,0,0,0,0,0,0,0,0,0,,,,
A1,image,636,test/20636.png,0,0,0,0,0,0,0,0,0,,,,
A1,image,637,test/20637.png,0,0,0,0,0,0,0,0,0,,,,
A1,image,638,test/20638.png,0,0,0,0,0,0,0,0,0,,,,
A1,image,639,test/20639.png,0,0,0,0,0,0,0,0,0,,,,
A1,image,640,test/20640.png,960,780,754,56,30,724,150,0,0,0.8125,0.7854166666666667,0.058333333333333334,0.03125
A1,image,641,test/20641.png,0,0,0,0,0,0,0,0,0,,,,
A1,image,642,test/20642.png,0,0,0,0,0,0,0,0,0,,,,
A1,image,643,test/20643.png,0,0,0,0,0,0,0,0,0,,,,
A1,image,644,test/20644.png,0,0,0,0,0,0,0,0,0,,,,
A1,image,645,test/20645.png,0,0,0,0,0,0,0,0,0,,,,
A1,image,646,test/20646.png,1344,1329,1328,2,1,1327,14,0,0,0.9888392857142857,0.9880952380952381,0.001488095238095238,0.000744047619047619
A1,image,647,test/20647.png,0,0,0,0,0,0,0,0,0,,,,
A1,image,648,test/20648.png,0,0,0,0,0,0,0,0,0,,,,
A1,image,649,test/20649.png,0,0,0,0,0,0,0,0,0,,,,
A1,image,650,test/20650.png,0,0,0,0,0,0,0,0,0,,,,
A1,image,651,test/20651.png,0,0,0,0,0,0,0,0,0,,,,
A1,image,652,test/20652.png,0,0,0,0,0,0,0,0,0,,,,
A1,image,653,test/20653.png,0,0,0,0,0,0,0,0,0,,,,
A1,image,654,test/20654.png,0,0,0,0,0,0,0,0,0,,,,
A1,image,655,test/20655.png,0,0,0,0,0,0,0,0,0,,,,
A1,image,656,test/20656.png,0,0,0,0,0,0,0,0,0,,,,
A1,image,657,test/20657.png,0,0,0,0,0,0,0,0,0,,,,
A1,image,658,test/20658.png,0,0,0,0,0,0,0,0,0,,,,
A1,image,659,test/20659.png,0,0,0,0,0,0,0,0,0,,,,
A1,image,660,test/20660.png,1344,1330,1331,3,4,1327,10,0,0,0.9895833333333334,0.9903273809523809,0.002232142857142857,0.002976190476190476
A1,image,661,test/20661.png,0,0,0,0,0,0,0,0,0,,,,
A1,image,662,test/20662.png,0,0,0,0,0,0,0,0,0,,,,
A1,image,663,test/20663.png,0,0,0,0,0,0,0,0,0,,,,
A1,image,664,test/20664.png,0,0,0,0,0,0,0,0,0,,,,
A1,image,665,test/20665.png,2368,2294,2305,8,19,2286,55,0,0,0.96875,0.9733952702702703,0.0033783783783783786,0.008023648648648648
A1,image,666,test/20666.png,0,0,0,0,0,0,0,0,0,,,,
A1,image,667,test/20667.png,512,471,459,20,8,451,33,0,0,0.919921875,0.896484375,0.0390625,0.015625
A1,image,668,test/20668.png,0,0,0,0,0,0,0,0,0,,,,
A1,image,669,test/20669.png,3136,3131,3132,0,1,3131,4,0,0,0.998405612244898,0.9987244897959183,0.0,0.00031887755102040814
A1,image,670,test/20670.png,0,0,0,0,0,0,0,0,0,,,,
A1,image,671,test/20671.png,4096,3892,3873,29,10,3863,194,0,0,0.9501953125,0.945556640625,0.007080078125,0.00244140625
A1,image,672,test/20672.png,512,505,505,0,0,505,7,0,0,0.986328125,0.986328125,0.0,0.0
A1,image,673,test/20673.png,0,0,0,0,0,0,0,0,0,,,,
A1,image,674,test/20674.png,0,0,0,0,0,0,0,0,0,,,,
A1,image,675,test/20675.png,0,0,0,0,0,0,0,0,0,,,,
A1,image,676,test/20676.png,0,0,0,0,0,0,0,0,0,,,,
A1,image,677,test/20677.png,0,0,0,0,0,0,0,0,0,,,,
A1,image,678,test/20678.png,0,0,0,0,0,0,0,0,0,,,,
A1,image,679,test/20679.png,0,0,0,0,0,0,0,0,0,,,,
A1,image,680,test/20680.png,0,0,0,0,0,0,0,0,0,,,,
A1,image,681,test/20681.png,0,0,0,0,0,0,0,0,0,,,,
A1,image,682,test/20682.png,4096,4015,4010,7,2,4008,79,0,0,0.980224609375,0.97900390625,0.001708984375,0.00048828125
A1,image,683,test/20683.png,0,0,0,0,0,0,0,0,0,,,,
A1,image,684,test/20684.png,0,0,0,0,0,0,0,0,0,,,,
A1,image,685,test/20685.png,2816,2753,2738,19,4,2734,59,0,0,0.9776278409090909,0.9723011363636364,0.006747159090909091,0.0014204545454545455
A1,image,686,test/20686.png,0,0,0,0,0,0,0,0,0,,,,
A1,image,687,test/20687.png,0,0,0,0,0,0,0,0,0,,,,
A1,image,688,test/20688.png,0,0,0,0,0,0,0,0,0,,,,
A1,image,689,test/20689.png,0,0,0,0,0,0,0,0,0,,,,
A1,image,690,test/20690.png,0,0,0,0,0,0,0,0,0,,,,
A1,image,691,test/20691.png,0,0,0,0,0,0,0,0,0,,,,
A1,image,692,test/20692.png,0,0,0,0,0,0,0,0,0,,,,
A1,image,693,test/20693.png,0,0,0,0,0,0,0,0,0,,,,
A1,image,694,test/20694.png,0,0,0,0,0,0,0,0,0,,,,
A1,image,695,test/20695.png,0,0,0,0,0,0,0,0,0,,,,
A1,image,696,test/20696.png,0,0,0,0,0,0,0,0,0,,,,
A1,image,697,test/20697.png,0,0,0,0,0,0,0,0,0,,,,
A1,image,698,test/20698.png,0,0,0,0,0,0,0,0,0,,,,
A1,image,699,test/20699.png,0,0,0,0,0,0,0,0,0,,,,
A1,image,700,test/20700.png,0,0,0,0,0,0,0,0,0,,,,
A1,image,701,test/20701.png,0,0,0,0,0,0,0,0,0,,,,
A1,image,702,test/20702.png,0,0,0,0,0,0,0,0,0,,,,
A1,image,703,test/20703.png,0,0,0,0,0,0,0,0,0,,,,
A1,image,704,test/20704.png,0,0,0,0,0,0,0,0,0,,,,
A1,image,705,test/20705.png,0,0,0,0,0,0,0,0,0,,,,
A1,image,706,test/20706.png,0,0,0,0,0,0,0,0,0,,,,
A1,image,707,test/20707.png,0,0,0,0,0,0,0,0,0,,,,
A1,image,708,test/20708.png,0,0,0,0,0,0,0,0,0,,,,
A1,image,709,test/20709.png,0,0,0,0,0,0,0,0,0,,,,
A1,image,710,test/20710.png,0,0,0,0,0,0,0,0,0,,,,
A1,image,711,test/20711.png,0,0,0,0,0,0,0,0,0,,,,
A1,image,712,test/20712.png,0,0,0,0,0,0,0,0,0,,,,
A1,image,713,test/20713.png,0,0,0,0,0,0,0,0,0,,,,
A1,image,714,test/20714.png,0,0,0,0,0,0,0,0,0,,,,
A1,image,715,test/20715.png,0,0,0,0,0,0,0,0,0,,,,
A1,image,716,test/20716.png,0,0,0,0,0,0,0,0,0,,,,
A1,image,717,test/20717.png,0,0,0,0,0,0,0,0,0,,,,
A1,image,718,test/20718.png,0,0,0,0,0,0,0,0,0,,,,
A1,image,719,test/20719.png,0,0,0,0,0,0,0,0,0,,,,
A1,image,720,test/20720.png,0,0,0,0,0,0,0,0,0,,,,
A1,image,721,test/20721.png,0,0,0,0,0,0,0,0,0,,,,
A1,image,722,test/20722.png,0,0,0,0,0,0,0,0,0,,,,
A1,image,723,test/20723.png,0,0,0,0,0,0,0,0,0,,,,
A1,image,724,test/20724.png,1984,1932,1940,2,10,1930,42,0,0,0.9737903225806451,0.9778225806451613,0.0010080645161290322,0.005040322580645161
A1,image,725,test/20725.png,0,0,0,0,0,0,0,0,0,,,,
A1,image,726,test/20726.png,0,0,0,0,0,0,0,0,0,,,,
A1,image,727,test/20727.png,0,0,0,0,0,0,0,0,0,,,,
A1,image,728,test/20728.png,0,0,0,0,0,0,0,0,0,,,,
A1,image,729,test/20729.png,0,0,0,0,0,0,0,0,0,,,,
A1,image,730,test/20730.png,0,0,0,0,0,0,0,0,0,,,,
A1,image,731,test/20731.png,0,0,0,0,0,0,0,0,0,,,,
A1,image,732,test/20732.png,0,0,0,0,0,0,0,0,0,,,,
A1,image,733,test/20733.png,0,0,0,0,0,0,0,0,0,,,,
A1,image,734,test/20734.png,0,0,0,0,0,0,0,0,0,,,,
A1,image,735,test/20735.png,0,0,0,0,0,0,0,0,0,,,,
A1,image,736,test/20736.png,0,0,0,0,0,0,0,0,0,,,,
A1,image,737,test/20737.png,0,0,0,0,0,0,0,0,0,,,,
A1,image,738,test/20738.png,768,765,764,1,0,764,3,0,0,0.99609375,0.9947916666666666,0.0013020833333333333,0.0
A1,image,739,test/20739.png,0,0,0,0,0,0,0,0,0,,,,
A1,image,740,test/20740.png,0,0,0,0,0,0,0,0,0,,,,
A1,image,741,test/20741.png,0,0,0,0,0,0,0,0,0,,,,
A1,image,742,test/20742.png,0,0,0,0,0,0,0,0,0,,,,
A1,image,743,test/20743.png,0,0,0,0,0,0,0,0,0,,,,
A1,image,744,test/20744.png,2560,2019,1910,185,76,1834,465,0,0,0.788671875,0.74609375,0.072265625,0.0296875
A1,image,745,test/20745.png,0,0,0,0,0,0,0,0,0,,,,
A1,image,746,test/20746.png,0,0,0,0,0,0,0,0,0,,,,
A1,image,747,test/20747.png,896,873,866,7,0,866,23,0,0,0.9743303571428571,0.9665178571428571,0.0078125,0.0
A1,image,748,test/20748.png,0,0,0,0,0,0,0,0,0,,,,
A1,image,749,test/20749.png,0,0,0,0,0,0,0,0,0,,,,
A1,image,750,test/20750.png,0,0,0,0,0,0,0,0,0,,,,
A1,image,751,test/20751.png,0,0,0,0,0,0,0,0,0,,,,
A1,image,752,test/20752.png,0,0,0,0,0,0,0,0,0,,,,
A1,image,753,test/20753.png,0,0,0,0,0,0,0,0,0,,,,
A1,image,754,test/20754.png,384,384,384,0,0,384,0,0,0,1.0,1.0,0.0,0.0
A1,image,755,test/20755.png,0,0,0,0,0,0,0,0,0,,,,
A1,image,756,test/20756.png,0,0,0,0,0,0,0,0,0,,,,
A1,image,757,test/20757.png,0,0,0,0,0,0,0,0,0,,,,
A1,image,758,test/20758.png,0,0,0,0,0,0,0,0,0,,,,
A1,image,759,test/20759.png,0,0,0,0,0,0,0,0,0,,,,
A1,image,760,test/20760.png,0,0,0,0,0,0,0,0,0,,,,
A1,image,761,test/20761.png,0,0,0,0,0,0,0,0,0,,,,
A1,image,762,test/20762.png,0,0,0,0,0,0,0,0,0,,,,
A1,image,763,test/20763.png,0,0,0,0,0,0,0,0,0,,,,
A1,image,764,test/20764.png,0,0,0,0,0,0,0,0,0,,,,
A1,image,765,test/20765.png,1024,994,993,5,4,989,26,0,0,0.970703125,0.9697265625,0.0048828125,0.00390625
A1,image,766,test/20766.png,0,0,0,0,0,0,0,0,0,,,,
A1,image,767,test/20767.png,0,0,0,0,0,0,0,0,0,,,,
A1,image,768,test/20768.png,0,0,0,0,0,0,0,0,0,,,,
A1,image,769,test/20769.png,0,0,0,0,0,0,0,0,0,,,,
A1,image,770,test/20770.png,0,0,0,0,0,0,0,0,0,,,,
A1,image,771,test/20771.png,0,0,0,0,0,0,0,0,0,,,,
A1,image,772,test/20772.png,2048,1539,1506,74,41,1465,468,0,0,0.75146484375,0.7353515625,0.0361328125,0.02001953125
A1,image,773,test/20773.png,0,0,0,0,0,0,0,0,0,,,,
A1,image,774,test/20774.png,0,0,0,0,0,0,0,0,0,,,,
A1,image,775,test/20775.png,0,0,0,0,0,0,0,0,0,,,,
A1,image,776,test/20776.png,0,0,0,0,0,0,0,0,0,,,,
A1,image,777,test/20777.png,0,0,0,0,0,0,0,0,0,,,,
A1,image,778,test/20778.png,0,0,0,0,0,0,0,0,0,,,,
A1,image,779,test/20779.png,0,0,0,0,0,0,0,0,0,,,,
A1,image,780,test/20780.png,0,0,0,0,0,0,0,0,0,,,,
A1,image,781,test/20781.png,0,0,0,0,0,0,0,0,0,,,,
A1,image,782,test/20782.png,0,0,0,0,0,0,0,0,0,,,,
A1,image,783,test/20783.png,0,0,0,0,0,0,0,0,0,,,,
A1,image,784,test/20784.png,4096,4031,4042,5,16,4026,49,0,0,0.984130859375,0.98681640625,0.001220703125,0.00390625
A1,image,785,test/20785.png,2944,2920,2922,0,2,2920,22,0,0,0.9918478260869565,0.9925271739130435,0.0,0.0006793478260869565
A1,image,786,test/20786.png,0,0,0,0,0,0,0,0,0,,,,
A1,image,787,test/20787.png,0,0,0,0,0,0,0,0,0,,,,
A1,image,788,test/20788.png,0,0,0,0,0,0,0,0,0,,,,
A1,image,789,test/20789.png,0,0,0,0,0,0,0,0,0,,,,
A1,image,790,test/20790.png,0,0,0,0,0,0,0,0,0,,,,
A1,image,791,test/20791.png,0,0,0,0,0,0,0,0,0,,,,
A1,image,792,test/20792.png,0,0,0,0,0,0,0,0,0,,,,
A1,image,793,test/20793.png,0,0,0,0,0,0,0,0,0,,,,
A1,image,794,test/20794.png,0,0,0,0,0,0,0,0,0,,,,
A1,image,795,test/20795.png,0,0,0,0,0,0,0,0,0,,,,
A1,image,796,test/20796.png,0,0,0,0,0,0,0,0,0,,,,
A1,image,797,test/20797.png,0,0,0,0,0,0,0,0,0,,,,
A1,image,798,test/20798.png,0,0,0,0,0,0,0,0,0,,,,
A1,image,799,test/20799.png,0,0,0,0,0,0,0,0,0,,,,
A1,image,800,test/20800.png,0,0,0,0,0,0,0,0,0,,,,
A1,image,801,test/20801.png,448,411,407,4,0,407,37,0,0,0.9174107142857143,0.9084821428571429,0.008928571428571428,0.0
A1,image,802,test/20802.png,0,0,0,0,0,0,0,0,0,,,,
A1,image,803,test/20803.png,0,0,0,0,0,0,0,0,0,,,,
A1,image,804,test/20804.png,3648,3592,3584,20,12,3572,44,0,0,0.9846491228070176,0.9824561403508771,0.005482456140350877,0.003289473684210526
A1,image,805,test/20805.png,0,0,0,0,0,0,0,0,0,,,,
A1,image,806,test/20806.png,0,0,0,0,0,0,0,0,0,,,,
A1,image,807,test/20807.png,0,0,0,0,0,0,0,0,0,,,,
A1,image,808,test/20808.png,0,0,0,0,0,0,0,0,0,,,,
A1,image,809,test/20809.png,0,0,0,0,0,0,0,0,0,,,,
A1,image,810,test/20810.png,0,0,0,0,0,0,0,0,0,,,,
A1,image,811,test/20811.png,0,0,0,0,0,0,0,0,0,,,,
A1,image,812,test/20812.png,0,0,0,0,0,0,0,0,0,,,,
A1,image,813,test/20813.png,0,0,0,0,0,0,0,0,0,,,,
A1,image,814,test/20814.png,0,0,0,0,0,0,0,0,0,,,,
A1,image,815,test/20815.png,0,0,0,0,0,0,0,0,0,,,,
A1,image,816,test/20816.png,256,256,255,1,0,255,0,0,0,1.0,0.99609375,0.00390625,0.0
A1,image,817,test/20817.png,0,0,0,0,0,0,0,0,0,,,,
A1,image,818,test/20818.png,0,0,0,0,0,0,0,0,0,,,,
A1,image,819,test/20819.png,0,0,0,0,0,0,0,0,0,,,,
A1,image,820,test/20820.png,0,0,0,0,0,0,0,0,0,,,,
A1,image,821,test/20821.png,640,621,620,8,7,613,12,0,0,0.9703125,0.96875,0.0125,0.0109375
A1,image,822,test/20822.png,0,0,0,0,0,0,0,0,0,,,,
A1,image,823,test/20823.png,0,0,0,0,0,0,0,0,0,,,,
A1,image,824,test/20824.png,0,0,0,0,0,0,0,0,0,,,,
A1,image,825,test/20825.png,0,0,0,0,0,0,0,0,0,,,,
A1,image,826,test/20826.png,0,0,0,0,0,0,0,0,0,,,,
A1,image,827,test/20827.png,896,895,896,0,1,895,0,0,0,0.9988839285714286,1.0,0.0,0.0011160714285714285
A1,image,828,test/20828.png,0,0,0,0,0,0,0,0,0,,,,
A1,image,829,test/20829.png,512,502,500,4,2,498,8,0,0,0.98046875,0.9765625,0.0078125,0.00390625
A1,image,830,test/20830.png,0,0,0,0,0,0,0,0,0,,,,
A1,image,831,test/20831.png,0,0,0,0,0,0,0,0,0,,,,
A1,image,832,test/20832.png,0,0,0,0,0,0,0,0,0,,,,
A1,image,833,test/20833.png,0,0,0,0,0,0,0,0,0,,,,
A1,image,834,test/20834.png,2560,2551,2541,10,0,2541,9,0,0,0.996484375,0.992578125,0.00390625,0.0
A1,image,835,test/20835.png,0,0,0,0,0,0,0,0,0,,,,
A1,image,836,test/20836.png,0,0,0,0,0,0,0,0,0,,,,
A1,image,837,test/20837.png,0,0,0,0,0,0,0,0,0,,,,
A1,image,838,test/20838.png,0,0,0,0,0,0,0,0,0,,,,
A1,image,839,test/20839.png,0,0,0,0,0,0,0,0,0,,,,
A1,image,840,test/20840.png,0,0,0,0,0,0,0,0,0,,,,
A1,image,841,test/20841.png,0,0,0,0,0,0,0,0,0,,,,
A1,image,842,test/20842.png,0,0,0,0,0,0,0,0,0,,,,
A1,image,843,test/20843.png,0,0,0,0,0,0,0,0,0,,,,
A1,image,844,test/20844.png,0,0,0,0,0,0,0,0,0,,,,
A1,image,845,test/20845.png,0,0,0,0,0,0,0,0,0,,,,
A1,image,846,test/20846.png,0,0,0,0,0,0,0,0,0,,,,
A1,image,847,test/20847.png,0,0,0,0,0,0,0,0,0,,,,
A1,image,848,test/20848.png,3392,3343,3350,3,10,3340,39,0,0,0.9855542452830188,0.9876179245283019,0.000884433962264151,0.00294811320754717
A1,image,849,test/20849.png,0,0,0,0,0,0,0,0,0,,,,
A1,image,850,test/20850.png,0,0,0,0,0,0,0,0,0,,,,
A1,image,851,test/20851.png,0,0,0,0,0,0,0,0,0,,,,
A1,image,852,test/20852.png,0,0,0,0,0,0,0,0,0,,,,
A1,image,853,test/20853.png,0,0,0,0,0,0,0,0,0,,,,
A1,image,854,test/20854.png,0,0,0,0,0,0,0,0,0,,,,
A1,image,855,test/20855.png,0,0,0,0,0,0,0,0,0,,,,
A1,image,856,test/20856.png,0,0,0,0,0,0,0,0,0,,,,
A1,image,857,test/20857.png,2752,2727,2718,9,0,2718,25,0,0,0.9909156976744186,0.9876453488372093,0.0032703488372093025,0.0
A1,image,858,test/20858.png,0,0,0,0,0,0,0,0,0,,,,
A1,image,859,test/20859.png,0,0,0,0,0,0,0,0,0,,,,
A1,image,860,test/20860.png,0,0,0,0,0,0,0,0,0,,,,
A1,image,861,test/20861.png,0,0,0,0,0,0,0,0,0,,,,
A1,image,862,test/20862.png,0,0,0,0,0,0,0,0,0,,,,
A1,image,863,test/20863.png,0,0,0,0,0,0,0,0,0,,,,
A1,image,864,test/20864.png,0,0,0,0,0,0,0,0,0,,,,
A1,image,865,test/20865.png,0,0,0,0,0,0,0,0,0,,,,
A1,image,866,test/20866.png,0,0,0,0,0,0,0,0,0,,,,
A1,image,867,test/20867.png,0,0,0,0,0,0,0,0,0,,,,
A1,image,868,test/20868.png,0,0,0,0,0,0,0,0,0,,,,
A1,image,869,test/20869.png,0,0,0,0,0,0,0,0,0,,,,
A1,image,870,test/20870.png,2560,2518,2508,13,3,2505,39,0,0,0.98359375,0.9796875,0.005078125,0.001171875
A1,image,871,test/20871.png,0,0,0,0,0,0,0,0,0,,,,
A1,image,872,test/20872.png,0,0,0,0,0,0,0,0,0,,,,
A1,image,873,test/20873.png,0,0,0,0,0,0,0,0,0,,,,
A1,image,874,test/20874.png,0,0,0,0,0,0,0,0,0,,,,
A1,image,875,test/20875.png,0,0,0,0,0,0,0,0,0,,,,
A1,image,876,test/20876.png,0,0,0,0,0,0,0,0,0,,,,
A1,image,877,test/20877.png,0,0,0,0,0,0,0,0,0,,,,
A1,image,878,test/20878.png,0,0,0,0,0,0,0,0,0,,,,
A1,image,879,test/20879.png,0,0,0,0,0,0,0,0,0,,,,
A1,image,880,test/20880.png,0,0,0,0,0,0,0,0,0,,,,
A1,image,881,test/20881.png,3904,3889,3888,2,1,3887,14,0,0,0.9961577868852459,0.9959016393442623,0.0005122950819672131,0.00025614754098360657
A1,image,882,test/20882.png,4096,3946,3946,15,15,3931,135,0,0,0.96337890625,0.96337890625,0.003662109375,0.003662109375
A1,image,883,test/20883.png,0,0,0,0,0,0,0,0,0,,,,
A1,image,884,test/20884.png,4096,3630,3670,50,90,3580,376,0,0,0.88623046875,0.89599609375,0.01220703125,0.02197265625
A1,image,885,test/20885.png,0,0,0,0,0,0,0,0,0,,,,
A1,image,886,test/20886.png,0,0,0,0,0,0,0,0,0,,,,
A1,image,887,test/20887.png,0,0,0,0,0,0,0,0,0,,,,
A1,image,888,test/20888.png,0,0,0,0,0,0,0,0,0,,,,
A1,image,889,test/20889.png,0,0,0,0,0,0,0,0,0,,,,
A1,image,890,test/20890.png,0,0,0,0,0,0,0,0,0,,,,
A1,image,891,test/20891.png,704,686,677,9,0,677,18,0,0,0.9744318181818182,0.9616477272727273,0.01278409090909091,0.0
A1,image,892,test/20892.png,1280,1280,1280,0,0,1280,0,0,0,1.0,1.0,0.0,0.0
A1,image,893,test/20893.png,0,0,0,0,0,0,0,0,0,,,,
A1,image,894,test/20894.png,0,0,0,0,0,0,0,0,0,,,,
A1,image,895,test/20895.png,832,827,820,7,0,820,5,0,0,0.9939903846153846,0.9855769230769231,0.008413461538461538,0.0
A1,image,896,test/20896.png,0,0,0,0,0,0,0,0,0,,,,
A1,image,897,test/20897.png,0,0,0,0,0,0,0,0,0,,,,
A1,image,898,test/20898.png,0,0,0,0,0,0,0,0,0,,,,
A1,image,899,test/20899.png,0,0,0,0,0,0,0,0,0,,,,
A1,image,900,test/20900.png,0,0,0,0,0,0,0,0,0,,,,
A1,image,901,test/20901.png,0,0,0,0,0,0,0,0,0,,,,
A1,image,902,test/20902.png,1856,1856,1856,0,0,1856,0,0,0,1.0,1.0,0.0,0.0
A1,image,903,test/20903.png,0,0,0,0,0,0,0,0,0,,,,
A1,image,904,test/20904.png,0,0,0,0,0,0,0,0,0,,,,
A1,image,905,test/20905.png,0,0,0,0,0,0,0,0,0,,,,
A1,image,906,test/20906.png,0,0,0,0,0,0,0,0,0,,,,
A1,image,907,test/20907.png,0,0,0,0,0,0,0,0,0,,,,
A1,image,908,test/20908.png,0,0,0,0,0,0,0,0,0,,,,
A1,image,909,test/20909.png,0,0,0,0,0,0,0,0,0,,,,
A1,image,910,test/20910.png,0,0,0,0,0,0,0,0,0,,,,
A1,image,911,test/20911.png,0,0,0,0,0,0,0,0,0,,,,
A1,image,912,test/20912.png,768,765,765,0,0,765,3,0,0,0.99609375,0.99609375,0.0,0.0
A1,image,913,test/20913.png,0,0,0,0,0,0,0,0,0,,,,
A1,image,914,test/20914.png,0,0,0,0,0,0,0,0,0,,,,
A1,image,915,test/20915.png,0,0,0,0,0,0,0,0,0,,,,
A1,image,916,test/20916.png,0,0,0,0,0,0,0,0,0,,,,
A1,image,917,test/20917.png,0,0,0,0,0,0,0,0,0,,,,
A1,image,918,test/20918.png,0,0,0,0,0,0,0,0,0,,,,
A1,image,919,test/20919.png,0,0,0,0,0,0,0,0,0,,,,
A1,image,920,test/20920.png,0,0,0,0,0,0,0,0,0,,,,
A1,image,921,test/20921.png,0,0,0,0,0,0,0,0,0,,,,
A1,image,922,test/20922.png,2176,2127,2121,12,6,2115,43,0,0,0.9774816176470589,0.9747242647058824,0.0055147058823529415,0.0027573529411764708
A1,image,923,test/20923.png,0,0,0,0,0,0,0,0,0,,,,
A1,image,924,test/20924.png,0,0,0,0,0,0,0,0,0,,,,
A1,image,925,test/20925.png,0,0,0,0,0,0,0,0,0,,,,
A1,image,926,test/20926.png,0,0,0,0,0,0,0,0,0,,,,
A1,image,927,test/20927.png,0,0,0,0,0,0,0,0,0,,,,
A1,image,928,test/20928.png,0,0,0,0,0,0,0,0,0,,,,
A1,image,929,test/20929.png,0,0,0,0,0,0,0,0,0,,,,
A1,image,930,test/20930.png,0,0,0,0,0,0,0,0,0,,,,
A1,image,931,test/20931.png,0,0,0,0,0,0,0,0,0,,,,
A1,image,932,test/20932.png,0,0,0,0,0,0,0,0,0,,,,
A1,image,933,test/20933.png,0,0,0,0,0,0,0,0,0,,,,
A1,image,934,test/20934.png,0,0,0,0,0,0,0,0,0,,,,
A1,image,935,test/20935.png,0,0,0,0,0,0,0,0,0,,,,
A1,image,936,test/20936.png,0,0,0,0,0,0,0,0,0,,,,
A1,image,937,test/20937.png,0,0,0,0,0,0,0,0,0,,,,
A1,image,938,test/20938.png,0,0,0,0,0,0,0,0,0,,,,
A1,image,939,test/20939.png,0,0,0,0,0,0,0,0,0,,,,
A1,image,940,test/20940.png,0,0,0,0,0,0,0,0,0,,,,
A1,image,941,test/20941.png,1024,1020,1018,2,0,1018,4,0,0,0.99609375,0.994140625,0.001953125,0.0
A1,image,942,test/20942.png,256,256,256,0,0,256,0,0,0,1.0,1.0,0.0,0.0
A1,image,943,test/20943.png,0,0,0,0,0,0,0,0,0,,,,
A1,image,944,test/20944.png,0,0,0,0,0,0,0,0,0,,,,
A1,image,945,test/20945.png,0,0,0,0,0,0,0,0,0,,,,
A1,image,946,test/20946.png,0,0,0,0,0,0,0,0,0,,,,
A1,image,947,test/20947.png,0,0,0,0,0,0,0,0,0,,,,
A1,image,948,test/20948.png,0,0,0,0,0,0,0,0,0,,,,
A1,image,949,test/20949.png,0,0,0,0,0,0,0,0,0,,,,
A1,image,950,test/20950.png,0,0,0,0,0,0,0,0,0,,,,
A1,image,951,test/20951.png,0,0,0,0,0,0,0,0,0,,,,
A1,image,952,test/20952.png,4096,3961,3948,27,14,3934,121,0,0,0.967041015625,0.9638671875,0.006591796875,0.00341796875
A1,image,953,test/20953.png,0,0,0,0,0,0,0,0,0,,,,
A1,image,954,test/20954.png,0,0,0,0,0,0,0,0,0,,,,
A1,image,955,test/20955.png,0,0,0,0,0,0,0,0,0,,,,
A1,image,956,test/20956.png,1152,1117,1114,5,2,1112,33,0,0,0.9696180555555556,0.9670138888888888,0.004340277777777778,0.001736111111111111
A1,image,957,test/20957.png,0,0,0,0,0,0,0,0,0,,,,
A1,image,958,test/20958.png,0,0,0,0,0,0,0,0,0,,,,
A1,image,959,test/20959.png,1152,1152,1152,0,0,1152,0,0,0,1.0,1.0,0.0,0.0
A1,image,960,test/20960.png,0,0,0,0,0,0,0,0,0,,,,
A1,image,961,test/20961.png,0,0,0,0,0,0,0,0,0,,,,
A1,image,962,test/20962.png,0,0,0,0,0,0,0,0,0,,,,
A1,image,963,test/20963.png,0,0,0,0,0,0,0,0,0,,,,
A1,image,964,test/20964.png,0,0,0,0,0,0,0,0,0,,,,
A1,image,965,test/20965.png,0,0,0,0,0,0,0,0,0,,,,
A1,image,966,test/20966.png,0,0,0,0,0,0,0,0,0,,,,
A1,image,967,test/20967.png,0,0,0,0,0,0,0,0,0,,,,
A1,image,968,test/20968.png,0,0,0,0,0,0,0,0,0,,,,
A1,image,969,test/20969.png,1920,1885,1876,12,3,1873,32,0,0,0.9817708333333334,0.9770833333333333,0.00625,0.0015625
A1,image,970,test/20970.png,0,0,0,0,0,0,0,0,0,,,,
A1,image,971,test/20971.png,0,0,0,0,0,0,0,0,0,,,,
A1,image,972,test/20972.png,0,0,0,0,0,0,0,0,0,,,,
A1,image,973,test/20973.png,0,0,0,0,0,0,0,0,0,,,,
A1,image,974,test/20974.png,0,0,0,0,0,0,0,0,0,,,,
A1,image,975,test/20975.png,0,0,0,0,0,0,0,0,0,,,,
A1,image,976,test/20976.png,0,0,0,0,0,0,0,0,0,,,,
A1,image,977,test/20977.png,0,0,0,0,0,0,0,0,0,,,,
A1,image,978,test/20978.png,0,0,0,0,0,0,0,0,0,,,,
A1,image,979,test/20979.png,0,0,0,0,0,0,0,0,0,,,,
A1,image,980,test/20980.png,0,0,0,0,0,0,0,0,0,,,,
A1,image,981,test/20981.png,0,0,0,0,0,0,0,0,0,,,,
A1,image,982,test/20982.png,0,0,0,0,0,0,0,0,0,,,,
A1,image,983,test/20983.png,0,0,0,0,0,0,0,0,0,,,,
A1,image,984,test/20984.png,0,0,0,0,0,0,0,0,0,,,,
A1,image,985,test/20985.png,0,0,0,0,0,0,0,0,0,,,,
A1,image,986,test/20986.png,0,0,0,0,0,0,0,0,0,,,,
A1,image,987,test/20987.png,0,0,0,0,0,0,0,0,0,,,,
A1,image,988,test/20988.png,0,0,0,0,0,0,0,0,0,,,,
A1,image,989,test/20989.png,0,0,0,0,0,0,0,0,0,,,,
A1,image,990,test/20990.png,0,0,0,0,0,0,0,0,0,,,,
A1,image,991,test/20991.png,0,0,0,0,0,0,0,0,0,,,,
A1,image,992,test/20992.png,0,0,0,0,0,0,0,0,0,,,,
A1,image,993,test/20993.png,0,0,0,0,0,0,0,0,0,,,,
A1,image,994,test/20994.png,0,0,0,0,0,0,0,0,0,,,,
A1,image,995,test/20995.png,0,0,0,0,0,0,0,0,0,,,,
A1,image,996,test/20996.png,0,0,0,0,0,0,0,0,0,,,,
A1,image,997,test/20997.png,0,0,0,0,0,0,0,0,0,,,,
A1,image,998,test/20998.png,0,0,0,0,0,0,0,0,0,,,,
A1,image,999,test/20999.png,0,0,0,0,0,0,0,0,0,,,,
A1,image,1000,test/21000.png,0,0,0,0,0,0,0,0,0,,,,
A1,image,1001,test/21001.png,0,0,0,0,0,0,0,0,0,,,,
A1,image,1002,test/21002.png,0,0,0,0,0,0,0,0,0,,,,
A1,image,1003,test/21003.png,0,0,0,0,0,0,0,0,0,,,,
A1,aggregate,-1,__ALL__,194240,188204,187964,1074,834,187130,5202,0,0,0.9689250411861614,0.9676894563426689,0.005529242174629324,0.004293657331136738
TRI,image,0,test/20000.png,0,0,0,0,0,0,0,0,0,,,,
TRI,image,1,test/20001.png,0,0,0,0,0,0,0,0,0,,,,
TRI,image,2,test/20002.png,0,0,0,0,0,0,0,0,0,,,,
TRI,image,3,test/20003.png,0,0,0,0,0,0,0,0,0,,,,
TRI,image,4,test/20004.png,0,0,0,0,0,0,0,0,0,,,,
TRI,image,5,test/20005.png,0,0,0,0,0,0,0,0,0,,,,
TRI,image,6,test/20006.png,0,0,0,0,0,0,0,0,0,,,,
TRI,image,7,test/20007.png,0,0,0,0,0,0,0,0,0,,,,
TRI,image,8,test/20008.png,0,0,0,0,0,0,0,0,0,,,,
TRI,image,9,test/20009.png,0,0,0,0,0,0,0,0,0,,,,
TRI,image,10,test/20010.png,0,0,0,0,0,0,0,0,0,,,,
TRI,image,11,test/20011.png,0,0,0,0,0,0,0,0,0,,,,
TRI,image,12,test/20012.png,0,0,0,0,0,0,0,0,0,,,,
TRI,image,13,test/20013.png,0,0,0,0,0,0,0,0,0,,,,
TRI,image,14,test/20014.png,0,0,0,0,0,0,0,0,0,,,,
TRI,image,15,test/20015.png,0,0,0,0,0,0,0,0,0,,,,
TRI,image,16,test/20016.png,0,0,0,0,0,0,0,0,0,,,,
TRI,image,17,test/20017.png,0,0,0,0,0,0,0,0,0,,,,
TRI,image,18,test/20018.png,0,0,0,0,0,0,0,0,0,,,,
TRI,image,19,test/20019.png,0,0,0,0,0,0,0,0,0,,,,
TRI,image,20,test/20020.png,0,0,0,0,0,0,0,0,0,,,,
TRI,image,21,test/20021.png,0,0,0,0,0,0,0,0,0,,,,
TRI,image,22,test/20022.png,0,0,0,0,0,0,0,0,0,,,,
TRI,image,23,test/20023.png,0,0,0,0,0,0,0,0,0,,,,
TRI,image,24,test/20024.png,0,0,0,0,0,0,0,0,0,,,,
TRI,image,25,test/20025.png,0,0,0,0,0,0,0,0,0,,,,
TRI,image,26,test/20026.png,0,0,0,0,0,0,0,0,0,,,,
TRI,image,27,test/20027.png,0,0,0,0,0,0,0,0,0,,,,
TRI,image,28,test/20028.png,0,0,0,0,0,0,0,0,0,,,,
TRI,image,29,test/20029.png,0,0,0,0,0,0,0,0,0,,,,
TRI,image,30,test/20030.png,0,0,0,0,0,0,0,0,0,,,,
TRI,image,31,test/20031.png,0,0,0,0,0,0,0,0,0,,,,
TRI,image,32,test/20032.png,0,0,0,0,0,0,0,0,0,,,,
TRI,image,33,test/20033.png,0,0,0,0,0,0,0,0,0,,,,
TRI,image,34,test/20034.png,0,0,0,0,0,0,0,0,0,,,,
TRI,image,35,test/20035.png,0,0,0,0,0,0,0,0,0,,,,
TRI,image,36,test/20036.png,0,0,0,0,0,0,0,0,0,,,,
TRI,image,37,test/20037.png,0,0,0,0,0,0,0,0,0,,,,
TRI,image,38,test/20038.png,0,0,0,0,0,0,0,0,0,,,,
TRI,image,39,test/20039.png,0,0,0,0,0,0,0,0,0,,,,
TRI,image,40,test/20040.png,0,0,0,0,0,0,0,0,0,,,,
TRI,image,41,test/20041.png,0,0,0,0,0,0,0,0,0,,,,
TRI,image,42,test/20042.png,2560,2560,2560,0,0,2560,0,0,0,1.0,1.0,0.0,0.0
TRI,image,43,test/20043.png,0,0,0,0,0,0,0,0,0,,,,
TRI,image,44,test/20044.png,0,0,0,0,0,0,0,0,0,,,,
TRI,image,45,test/20045.png,0,0,0,0,0,0,0,0,0,,,,
TRI,image,46,test/20046.png,0,0,0,0,0,0,0,0,0,,,,
TRI,image,47,test/20047.png,0,0,0,0,0,0,0,0,0,,,,
TRI,image,48,test/20048.png,0,0,0,0,0,0,0,0,0,,,,
TRI,image,49,test/20049.png,0,0,0,0,0,0,0,0,0,,,,
TRI,image,50,test/20050.png,0,0,0,0,0,0,0,0,0,,,,
TRI,image,51,test/20051.png,0,0,0,0,0,0,0,0,0,,,,
TRI,image,52,test/20052.png,0,0,0,0,0,0,0,0,0,,,,
TRI,image,53,test/20053.png,0,0,0,0,0,0,0,0,0,,,,
TRI,image,54,test/20054.png,0,0,0,0,0,0,0,0,0,,,,
TRI,image,55,test/20055.png,0,0,0,0,0,0,0,0,0,,,,
TRI,image,56,test/20056.png,832,829,831,0,2,829,1,0,0,0.9963942307692307,0.9987980769230769,0.0,0.002403846153846154
TRI,image,57,test/20057.png,0,0,0,0,0,0,0,0,0,,,,
TRI,image,58,test/20058.png,0,0,0,0,0,0,0,0,0,,,,
TRI,image,59,test/20059.png,0,0,0,0,0,0,0,0,0,,,,
TRI,image,60,test/20060.png,0,0,0,0,0,0,0,0,0,,,,
TRI,image,61,test/20061.png,0,0,0,0,0,0,0,0,0,,,,
TRI,image,62,test/20062.png,0,0,0,0,0,0,0,0,0,,,,
TRI,image,63,test/20063.png,0,0,0,0,0,0,0,0,0,,,,
TRI,image,64,test/20064.png,0,0,0,0,0,0,0,0,0,,,,
TRI,image,65,test/20065.png,0,0,0,0,0,0,0,0,0,,,,
TRI,image,66,test/20066.png,0,0,0,0,0,0,0,0,0,,,,
TRI,image,67,test/20067.png,0,0,0,0,0,0,0,0,0,,,,
TRI,image,68,test/20068.png,1216,1208,1206,3,1,1205,7,0,0,0.993421052631579,0.9917763157894737,0.0024671052631578946,0.0008223684210526315
TRI,image,69,test/20069.png,0,0,0,0,0,0,0,0,0,,,,
TRI,image,70,test/20070.png,0,0,0,0,0,0,0,0,0,,,,
TRI,image,71,test/20071.png,0,0,0,0,0,0,0,0,0,,,,
TRI,image,72,test/20072.png,0,0,0,0,0,0,0,0,0,,,,
TRI,image,73,test/20073.png,0,0,0,0,0,0,0,0,0,,,,
TRI,image,74,test/20074.png,0,0,0,0,0,0,0,0,0,,,,
TRI,image,75,test/20075.png,0,0,0,0,0,0,0,0,0,,,,
TRI,image,76,test/20076.png,0,0,0,0,0,0,0,0,0,,,,
TRI,image,77,test/20077.png,0,0,0,0,0,0,0,0,0,,,,
TRI,image,78,test/20078.png,0,0,0,0,0,0,0,0,0,,,,
TRI,image,79,test/20079.png,0,0,0,0,0,0,0,0,0,,,,
TRI,image,80,test/20080.png,0,0,0,0,0,0,0,0,0,,,,
TRI,image,81,test/20081.png,0,0,0,0,0,0,0,0,0,,,,
TRI,image,82,test/20082.png,0,0,0,0,0,0,0,0,0,,,,
TRI,image,83,test/20083.png,0,0,0,0,0,0,0,0,0,,,,
TRI,image,84,test/20084.png,2368,2354,2334,23,3,2331,11,0,0,0.9940878378378378,0.9856418918918919,0.009712837837837838,0.001266891891891892
TRI,image,85,test/20085.png,0,0,0,0,0,0,0,0,0,,,,
TRI,image,86,test/20086.png,0,0,0,0,0,0,0,0,0,,,,
TRI,image,87,test/20087.png,0,0,0,0,0,0,0,0,0,,,,
TRI,image,88,test/20088.png,0,0,0,0,0,0,0,0,0,,,,
TRI,image,89,test/20089.png,0,0,0,0,0,0,0,0,0,,,,
TRI,image,90,test/20090.png,0,0,0,0,0,0,0,0,0,,,,
TRI,image,91,test/20091.png,0,0,0,0,0,0,0,0,0,,,,
TRI,image,92,test/20092.png,0,0,0,0,0,0,0,0,0,,,,
TRI,image,93,test/20093.png,0,0,0,0,0,0,0,0,0,,,,
TRI,image,94,test/20094.png,0,0,0,0,0,0,0,0,0,,,,
TRI,image,95,test/20095.png,2176,2149,2145,8,4,2141,23,0,0,0.9875919117647058,0.9857536764705882,0.003676470588235294,0.001838235294117647
TRI,image,96,test/20096.png,0,0,0,0,0,0,0,0,0,,,,
TRI,image,97,test/20097.png,0,0,0,0,0,0,0,0,0,,,,
TRI,image,98,test/20098.png,0,0,0,0,0,0,0,0,0,,,,
TRI,image,99,test/20099.png,1728,1720,1719,1,0,1719,8,0,0,0.9953703703703703,0.9947916666666666,0.0005787037037037037,0.0
TRI,image,100,test/20100.png,0,0,0,0,0,0,0,0,0,,,,
TRI,image,101,test/20101.png,0,0,0,0,0,0,0,0,0,,,,
TRI,image,102,test/20102.png,0,0,0,0,0,0,0,0,0,,,,
TRI,image,103,test/20103.png,0,0,0,0,0,0,0,0,0,,,,
TRI,image,104,test/20104.png,0,0,0,0,0,0,0,0,0,,,,
TRI,image,105,test/20105.png,0,0,0,0,0,0,0,0,0,,,,
TRI,image,106,test/20106.png,0,0,0,0,0,0,0,0,0,,,,
TRI,image,107,test/20107.png,0,0,0,0,0,0,0,0,0,,,,
TRI,image,108,test/20108.png,0,0,0,0,0,0,0,0,0,,,,
TRI,image,109,test/20109.png,0,0,0,0,0,0,0,0,0,,,,
TRI,image,110,test/20110.png,0,0,0,0,0,0,0,0,0,,,,
TRI,image,111,test/20111.png,0,0,0,0,0,0,0,0,0,,,,
TRI,image,112,test/20112.png,0,0,0,0,0,0,0,0,0,,,,
TRI,image,113,test/20113.png,0,0,0,0,0,0,0,0,0,,,,
TRI,image,114,test/20114.png,0,0,0,0,0,0,0,0,0,,,,
TRI,image,115,test/20115.png,0,0,0,0,0,0,0,0,0,,,,
TRI,image,116,test/20116.png,0,0,0,0,0,0,0,0,0,,,,
TRI,image,117,test/20117.png,2048,2009,2006,7,4,2002,35,0,0,0.98095703125,0.9794921875,0.00341796875,0.001953125
TRI,image,118,test/20118.png,2368,2225,2217,30,22,2195,121,0,0,0.9396114864864865,0.9362331081081081,0.01266891891891892,0.009290540540540541
TRI,image,119,test/20119.png,0,0,0,0,0,0,0,0,0,,,,
TRI,image,120,test/20120.png,0,0,0,0,0,0,0,0,0,,,,
TRI,image,121,test/20121.png,3136,3127,3125,3,1,3124,8,0,0,0.9971301020408163,0.9964923469387755,0.0009566326530612245,0.00031887755102040814
TRI,image,122,test/20122.png,0,0,0,0,0,0,0,0,0,,,,
TRI,image,123,test/20123.png,0,0,0,0,0,0,0,0,0,,,,
TRI,image,124,test/20124.png,0,0,0,0,0,0,0,0,0,,,,
TRI,image,125,test/20125.png,1152,1152,1151,1,0,1151,0,0,0,1.0,0.9991319444444444,0.0008680555555555555,0.0
TRI,image,126,test/20126.png,0,0,0,0,0,0,0,0,0,,,,
TRI,image,127,test/20127.png,0,0,0,0,0,0,0,0,0,,,,
TRI,image,128,test/20128.png,0,0,0,0,0,0,0,0,0,,,,
TRI,image,129,test/20129.png,1152,1149,1150,0,1,1149,2,0,0,0.9973958333333334,0.9982638888888888,0.0,0.0008680555555555555
TRI,image,130,test/20130.png,960,958,959,0,1,958,1,0,0,0.9979166666666667,0.9989583333333333,0.0,0.0010416666666666667
TRI,image,131,test/20131.png,0,0,0,0,0,0,0,0,0,,,,
TRI,image,132,test/20132.png,0,0,0,0,0,0,0,0,0,,,,
TRI,image,133,test/20133.png,0,0,0,0,0,0,0,0,0,,,,
TRI,image,134,test/20134.png,0,0,0,0,0,0,0,0,0,,,,
TRI,image,135,test/20135.png,0,0,0,0,0,0,0,0,0,,,,
TRI,image,136,test/20136.png,0,0,0,0,0,0,0,0,0,,,,
TRI,image,137,test/20137.png,0,0,0,0,0,0,0,0,0,,,,
TRI,image,138,test/20138.png,0,0,0,0,0,0,0,0,0,,,,
TRI,image,139,test/20139.png,384,338,313,25,0,313,46,0,0,0.8802083333333334,0.8151041666666666,0.06510416666666667,0.0
TRI,image,140,test/20140.png,0,0,0,0,0,0,0,0,0,,,,
TRI,image,141,test/20141.png,1856,1799,1790,24,15,1775,42,0,0,0.9692887931034483,0.9644396551724138,0.01293103448275862,0.008081896551724138
TRI,image,142,test/20142.png,896,863,880,4,21,859,12,0,0,0.9631696428571429,0.9821428571428571,0.004464285714285714,0.0234375
TRI,image,143,test/20143.png,0,0,0,0,0,0,0,0,0,,,,
TRI,image,144,test/20144.png,0,0,0,0,0,0,0,0,0,,,,
TRI,image,145,test/20145.png,0,0,0,0,0,0,0,0,0,,,,
TRI,image,146,test/20146.png,0,0,0,0,0,0,0,0,0,,,,
TRI,image,147,test/20147.png,0,0,0,0,0,0,0,0,0,,,,
TRI,image,148,test/20148.png,0,0,0,0,0,0,0,0,0,,,,
TRI,image,149,test/20149.png,0,0,0,0,0,0,0,0,0,,,,
TRI,image,150,test/20150.png,0,0,0,0,0,0,0,0,0,,,,
TRI,image,151,test/20151.png,0,0,0,0,0,0,0,0,0,,,,
TRI,image,152,test/20152.png,0,0,0,0,0,0,0,0,0,,,,
TRI,image,153,test/20153.png,0,0,0,0,0,0,0,0,0,,,,
TRI,image,154,test/20154.png,0,0,0,0,0,0,0,0,0,,,,
TRI,image,155,test/20155.png,768,751,754,1,4,750,13,0,0,0.9778645833333334,0.9817708333333334,0.0013020833333333333,0.005208333333333333
TRI,image,156,test/20156.png,0,0,0,0,0,0,0,0,0,,,,
TRI,image,157,test/20157.png,0,0,0,0,0,0,0,0,0,,,,
TRI,image,158,test/20158.png,4096,4037,4039,5,7,4032,52,0,0,0.985595703125,0.986083984375,0.001220703125,0.001708984375
TRI,image,159,test/20159.png,832,803,808,2,7,801,22,0,0,0.9651442307692307,0.9711538461538461,0.002403846153846154,0.008413461538461538
TRI,image,160,test/20160.png,0,0,0,0,0,0,0,0,0,,,,
TRI,image,161,test/20161.png,0,0,0,0,0,0,0,0,0,,,,
TRI,image,162,test/20162.png,0,0,0,0,0,0,0,0,0,,,,
TRI,image,163,test/20163.png,0,0,0,0,0,0,0,0,0,,,,
TRI,image,164,test/20164.png,0,0,0,0,0,0,0,0,0,,,,
TRI,image,165,test/20165.png,0,0,0,0,0,0,0,0,0,,,,
TRI,image,166,test/20166.png,0,0,0,0,0,0,0,0,0,,,,
TRI,image,167,test/20167.png,0,0,0,0,0,0,0,0,0,,,,
TRI,image,168,test/20168.png,0,0,0,0,0,0,0,0,0,,,,
TRI,image,169,test/20169.png,0,0,0,0,0,0,0,0,0,,,,
TRI,image,170,test/20170.png,0,0,0,0,0,0,0,0,0,,,,
TRI,image,171,test/20171.png,0,0,0,0,0,0,0,0,0,,,,
TRI,image,172,test/20172.png,1344,1344,1342,2,0,1342,0,0,0,1.0,0.9985119047619048,0.001488095238095238,0.0
TRI,image,173,test/20173.png,0,0,0,0,0,0,0,0,0,,,,
TRI,image,174,test/20174.png,0,0,0,0,0,0,0,0,0,,,,
TRI,image,175,test/20175.png,704,700,701,3,4,697,0,0,0,0.9943181818181818,0.9957386363636364,0.004261363636363636,0.005681818181818182
TRI,image,176,test/20176.png,0,0,0,0,0,0,0,0,0,,,,
TRI,image,177,test/20177.png,640,588,588,1,1,587,51,0,0,0.91875,0.91875,0.0015625,0.0015625
TRI,image,178,test/20178.png,0,0,0,0,0,0,0,0,0,,,,
TRI,image,179,test/20179.png,0,0,0,0,0,0,0,0,0,,,,
TRI,image,180,test/20180.png,0,0,0,0,0,0,0,0,0,,,,
TRI,image,181,test/20181.png,0,0,0,0,0,0,0,0,0,,,,
TRI,image,182,test/20182.png,0,0,0,0,0,0,0,0,0,,,,
TRI,image,183,test/20183.png,0,0,0,0,0,0,0,0,0,,,,
TRI,image,184,test/20184.png,0,0,0,0,0,0,0,0,0,,,,
TRI,image,185,test/20185.png,0,0,0,0,0,0,0,0,0,,,,
TRI,image,186,test/20186.png,0,0,0,0,0,0,0,0,0,,,,
TRI,image,187,test/20187.png,0,0,0,0,0,0,0,0,0,,,,
TRI,image,188,test/20188.png,0,0,0,0,0,0,0,0,0,,,,
TRI,image,189,test/20189.png,0,0,0,0,0,0,0,0,0,,,,
TRI,image,190,test/20190.png,2304,2304,2304,0,0,2304,0,0,0,1.0,1.0,0.0,0.0
TRI,image,191,test/20191.png,0,0,0,0,0,0,0,0,0,,,,
TRI,image,192,test/20192.png,0,0,0,0,0,0,0,0,0,,,,
TRI,image,193,test/20193.png,4096,3854,3876,28,50,3826,192,0,0,0.94091796875,0.9462890625,0.0068359375,0.01220703125
TRI,image,194,test/20194.png,0,0,0,0,0,0,0,0,0,,,,
TRI,image,195,test/20195.png,0,0,0,0,0,0,0,0,0,,,,
TRI,image,196,test/20196.png,0,0,0,0,0,0,0,0,0,,,,
TRI,image,197,test/20197.png,0,0,0,0,0,0,0,0,0,,,,
TRI,image,198,test/20198.png,0,0,0,0,0,0,0,0,0,,,,
TRI,image,199,test/20199.png,0,0,0,0,0,0,0,0,0,,,,
TRI,image,200,test/20200.png,0,0,0,0,0,0,0,0,0,,,,
TRI,image,201,test/20201.png,0,0,0,0,0,0,0,0,0,,,,
TRI,image,202,test/20202.png,0,0,0,0,0,0,0,0,0,,,,
TRI,image,203,test/20203.png,0,0,0,0,0,0,0,0,0,,,,
TRI,image,204,test/20204.png,1920,1920,1920,0,0,1920,0,0,0,1.0,1.0,0.0,0.0
TRI,image,205,test/20205.png,0,0,0,0,0,0,0,0,0,,,,
TRI,image,206,test/20206.png,0,0,0,0,0,0,0,0,0,,,,
TRI,image,207,test/20207.png,0,0,0,0,0,0,0,0,0,,,,
TRI,image,208,test/20208.png,0,0,0,0,0,0,0,0,0,,,,
TRI,image,209,test/20209.png,4096,4044,4033,19,8,4025,44,0,0,0.9873046875,0.984619140625,0.004638671875,0.001953125
TRI,image,210,test/20210.png,0,0,0,0,0,0,0,0,0,,,,
TRI,image,211,test/20211.png,0,0,0,0,0,0,0,0,0,,,,
TRI,image,212,test/20212.png,0,0,0,0,0,0,0,0,0,,,,
TRI,image,213,test/20213.png,0,0,0,0,0,0,0,0,0,,,,
TRI,image,214,test/20214.png,0,0,0,0,0,0,0,0,0,,,,
TRI,image,215,test/20215.png,0,0,0,0,0,0,0,0,0,,,,
TRI,image,216,test/20216.png,0,0,0,0,0,0,0,0,0,,,,
TRI,image,217,test/20217.png,1408,1405,1406,0,1,1405,2,0,0,0.9978693181818182,0.9985795454545454,0.0,0.0007102272727272727
TRI,image,218,test/20218.png,0,0,0,0,0,0,0,0,0,,,,
TRI,image,219,test/20219.png,0,0,0,0,0,0,0,0,0,,,,
TRI,image,220,test/20220.png,0,0,0,0,0,0,0,0,0,,,,
TRI,image,221,test/20221.png,0,0,0,0,0,0,0,0,0,,,,
TRI,image,222,test/20222.png,0,0,0,0,0,0,0,0,0,,,,
TRI,image,223,test/20223.png,0,0,0,0,0,0,0,0,0,,,,
TRI,image,224,test/20224.png,0,0,0,0,0,0,0,0,0,,,,
TRI,image,225,test/20225.png,0,0,0,0,0,0,0,0,0,,,,
TRI,image,226,test/20226.png,0,0,0,0,0,0,0,0,0,,,,
TRI,image,227,test/20227.png,0,0,0,0,0,0,0,0,0,,,,
TRI,image,228,test/20228.png,128,48,93,7,52,41,28,0,0,0.375,0.7265625,0.0546875,0.40625
TRI,image,229,test/20229.png,0,0,0,0,0,0,0,0,0,,,,
TRI,image,230,test/20230.png,0,0,0,0,0,0,0,0,0,,,,
TRI,image,231,test/20231.png,320,317,318,1,2,316,1,0,0,0.990625,0.99375,0.003125,0.00625
TRI,image,232,test/20232.png,0,0,0,0,0,0,0,0,0,,,,
TRI,image,233,test/20233.png,0,0,0,0,0,0,0,0,0,,,,
TRI,image,234,test/20234.png,0,0,0,0,0,0,0,0,0,,,,
TRI,image,235,test/20235.png,0,0,0,0,0,0,0,0,0,,,,
TRI,image,236,test/20236.png,384,263,315,2,54,261,67,0,0,0.6848958333333334,0.8203125,0.005208333333333333,0.140625
TRI,image,237,test/20237.png,0,0,0,0,0,0,0,0,0,,,,
TRI,image,238,test/20238.png,0,0,0,0,0,0,0,0,0,,,,
TRI,image,239,test/20239.png,0,0,0,0,0,0,0,0,0,,,,
TRI,image,240,test/20240.png,0,0,0,0,0,0,0,0,0,,,,
TRI,image,241,test/20241.png,0,0,0,0,0,0,0,0,0,,,,
TRI,image,242,test/20242.png,0,0,0,0,0,0,0,0,0,,,,
TRI,image,243,test/20243.png,0,0,0,0,0,0,0,0,0,,,,
TRI,image,244,test/20244.png,0,0,0,0,0,0,0,0,0,,,,
TRI,image,245,test/20245.png,0,0,0,0,0,0,0,0,0,,,,
TRI,image,246,test/20246.png,832,832,832,0,0,832,0,0,0,1.0,1.0,0.0,0.0
TRI,image,247,test/20247.png,0,0,0,0,0,0,0,0,0,,,,
TRI,image,248,test/20248.png,0,0,0,0,0,0,0,0,0,,,,
TRI,image,249,test/20249.png,0,0,0,0,0,0,0,0,0,,,,
TRI,image,250,test/20250.png,0,0,0,0,0,0,0,0,0,,,,
TRI,image,251,test/20251.png,0,0,0,0,0,0,0,0,0,,,,
TRI,image,252,test/20252.png,0,0,0,0,0,0,0,0,0,,,,
TRI,image,253,test/20253.png,0,0,0,0,0,0,0,0,0,,,,
TRI,image,254,test/20254.png,0,0,0,0,0,0,0,0,0,,,,
TRI,image,255,test/20255.png,0,0,0,0,0,0,0,0,0,,,,
TRI,image,256,test/20256.png,0,0,0,0,0,0,0,0,0,,,,
TRI,image,257,test/20257.png,0,0,0,0,0,0,0,0,0,,,,
TRI,image,258,test/20258.png,0,0,0,0,0,0,0,0,0,,,,
TRI,image,259,test/20259.png,448,441,434,8,1,433,6,0,0,0.984375,0.96875,0.017857142857142856,0.002232142857142857
TRI,image,260,test/20260.png,0,0,0,0,0,0,0,0,0,,,,
TRI,image,261,test/20261.png,0,0,0,0,0,0,0,0,0,,,,
TRI,image,262,test/20262.png,0,0,0,0,0,0,0,0,0,,,,
TRI,image,263,test/20263.png,0,0,0,0,0,0,0,0,0,,,,
TRI,image,264,test/20264.png,1920,1913,1911,4,2,1909,5,0,0,0.9963541666666667,0.9953125,0.0020833333333333333,0.0010416666666666667
TRI,image,265,test/20265.png,0,0,0,0,0,0,0,0,0,,,,
TRI,image,266,test/20266.png,0,0,0,0,0,0,0,0,0,,,,
TRI,image,267,test/20267.png,0,0,0,0,0,0,0,0,0,,,,
TRI,image,268,test/20268.png,0,0,0,0,0,0,0,0,0,,,,
TRI,image,269,test/20269.png,0,0,0,0,0,0,0,0,0,,,,
TRI,image,270,test/20270.png,0,0,0,0,0,0,0,0,0,,,,
TRI,image,271,test/20271.png,0,0,0,0,0,0,0,0,0,,,,
TRI,image,272,test/20272.png,0,0,0,0,0,0,0,0,0,,,,
TRI,image,273,test/20273.png,0,0,0,0,0,0,0,0,0,,,,
TRI,image,274,test/20274.png,0,0,0,0,0,0,0,0,0,,,,
TRI,image,275,test/20275.png,192,192,192,0,0,192,0,0,0,1.0,1.0,0.0,0.0
TRI,image,276,test/20276.png,0,0,0,0,0,0,0,0,0,,,,
TRI,image,277,test/20277.png,0,0,0,0,0,0,0,0,0,,,,
TRI,image,278,test/20278.png,0,0,0,0,0,0,0,0,0,,,,
TRI,image,279,test/20279.png,0,0,0,0,0,0,0,0,0,,,,
TRI,image,280,test/20280.png,0,0,0,0,0,0,0,0,0,,,,
TRI,image,281,test/20281.png,1216,1097,1116,25,44,1072,75,0,0,0.9021381578947368,0.9177631578947368,0.02055921052631579,0.03618421052631579
TRI,image,282,test/20282.png,0,0,0,0,0,0,0,0,0,,,,
TRI,image,283,test/20283.png,0,0,0,0,0,0,0,0,0,,,,
TRI,image,284,test/20284.png,0,0,0,0,0,0,0,0,0,,,,
TRI,image,285,test/20285.png,0,0,0,0,0,0,0,0,0,,,,
TRI,image,286,test/20286.png,0,0,0,0,0,0,0,0,0,,,,
TRI,image,287,test/20287.png,0,0,0,0,0,0,0,0,0,,,,
TRI,image,288,test/20288.png,0,0,0,0,0,0,0,0,0,,,,
TRI,image,289,test/20289.png,0,0,0,0,0,0,0,0,0,,,,
TRI,image,290,test/20290.png,0,0,0,0,0,0,0,0,0,,,,
TRI,image,291,test/20291.png,0,0,0,0,0,0,0,0,0,,,,
TRI,image,292,test/20292.png,0,0,0,0,0,0,0,0,0,,,,
TRI,image,293,test/20293.png,0,0,0,0,0,0,0,0,0,,,,
TRI,image,294,test/20294.png,0,0,0,0,0,0,0,0,0,,,,
TRI,image,295,test/20295.png,832,829,822,7,0,822,3,0,0,0.9963942307692307,0.9879807692307693,0.008413461538461538,0.0
TRI,image,296,test/20296.png,0,0,0,0,0,0,0,0,0,,,,
TRI,image,297,test/20297.png,256,251,236,16,1,235,4,0,0,0.98046875,0.921875,0.0625,0.00390625
TRI,image,298,test/20298.png,0,0,0,0,0,0,0,0,0,,,,
TRI,image,299,test/20299.png,0,0,0,0,0,0,0,0,0,,,,
TRI,image,300,test/20300.png,0,0,0,0,0,0,0,0,0,,,,
TRI,image,301,test/20301.png,0,0,0,0,0,0,0,0,0,,,,
TRI,image,302,test/20302.png,0,0,0,0,0,0,0,0,0,,,,
TRI,image,303,test/20303.png,0,0,0,0,0,0,0,0,0,,,,
TRI,image,304,test/20304.png,0,0,0,0,0,0,0,0,0,,,,
TRI,image,305,test/20305.png,0,0,0,0,0,0,0,0,0,,,,
TRI,image,306,test/20306.png,0,0,0,0,0,0,0,0,0,,,,
TRI,image,307,test/20307.png,0,0,0,0,0,0,0,0,0,,,,
TRI,image,308,test/20308.png,0,0,0,0,0,0,0,0,0,,,,
TRI,image,309,test/20309.png,0,0,0,0,0,0,0,0,0,,,,
TRI,image,310,test/20310.png,0,0,0,0,0,0,0,0,0,,,,
TRI,image,311,test/20311.png,0,0,0,0,0,0,0,0,0,,,,
TRI,image,312,test/20312.png,0,0,0,0,0,0,0,0,0,,,,
TRI,image,313,test/20313.png,0,0,0,0,0,0,0,0,0,,,,
TRI,image,314,test/20314.png,0,0,0,0,0,0,0,0,0,,,,
TRI,image,315,test/20315.png,0,0,0,0,0,0,0,0,0,,,,
TRI,image,316,test/20316.png,0,0,0,0,0,0,0,0,0,,,,
TRI,image,317,test/20317.png,0,0,0,0,0,0,0,0,0,,,,
TRI,image,318,test/20318.png,0,0,0,0,0,0,0,0,0,,,,
TRI,image,319,test/20319.png,576,573,576,0,3,573,0,0,0,0.9947916666666666,1.0,0.0,0.005208333333333333
TRI,image,320,test/20320.png,0,0,0,0,0,0,0,0,0,,,,
TRI,image,321,test/20321.png,0,0,0,0,0,0,0,0,0,,,,
TRI,image,322,test/20322.png,0,0,0,0,0,0,0,0,0,,,,
TRI,image,323,test/20323.png,0,0,0,0,0,0,0,0,0,,,,
TRI,image,324,test/20324.png,0,0,0,0,0,0,0,0,0,,,,
TRI,image,325,test/20325.png,0,0,0,0,0,0,0,0,0,,,,
TRI,image,326,test/20326.png,0,0,0,0,0,0,0,0,0,,,,
TRI,image,327,test/20327.png,0,0,0,0,0,0,0,0,0,,,,
TRI,image,328,test/20328.png,0,0,0,0,0,0,0,0,0,,,,
TRI,image,329,test/20329.png,0,0,0,0,0,0,0,0,0,,,,
TRI,image,330,test/20330.png,0,0,0,0,0,0,0,0,0,,,,
TRI,image,331,test/20331.png,0,0,0,0,0,0,0,0,0,,,,
TRI,image,332,test/20332.png,0,0,0,0,0,0,0,0,0,,,,
TRI,image,333,test/20333.png,0,0,0,0,0,0,0,0,0,,,,
TRI,image,334,test/20334.png,2944,2888,2878,11,1,2877,55,0,0,0.9809782608695652,0.9775815217391305,0.003736413043478261,0.00033967391304347825
TRI,image,335,test/20335.png,0,0,0,0,0,0,0,0,0,,,,
TRI,image,336,test/20336.png,0,0,0,0,0,0,0,0,0,,,,
TRI,image,337,test/20337.png,0,0,0,0,0,0,0,0,0,,,,
TRI,image,338,test/20338.png,0,0,0,0,0,0,0,0,0,,,,
TRI,image,339,test/20339.png,0,0,0,0,0,0,0,0,0,,,,
TRI,image,340,test/20340.png,0,0,0,0,0,0,0,0,0,,,,
TRI,image,341,test/20341.png,0,0,0,0,0,0,0,0,0,,,,
TRI,image,342,test/20342.png,0,0,0,0,0,0,0,0,0,,,,
TRI,image,343,test/20343.png,0,0,0,0,0,0,0,0,0,,,,
TRI,image,344,test/20344.png,0,0,0,0,0,0,0,0,0,,,,
TRI,image,345,test/20345.png,0,0,0,0,0,0,0,0,0,,,,
TRI,image,346,test/20346.png,0,0,0,0,0,0,0,0,0,,,,
TRI,image,347,test/20347.png,0,0,0,0,0,0,0,0,0,,,,
TRI,image,348,test/20348.png,0,0,0,0,0,0,0,0,0,,,,
TRI,image,349,test/20349.png,0,0,0,0,0,0,0,0,0,,,,
TRI,image,350,test/20350.png,0,0,0,0,0,0,0,0,0,,,,
TRI,image,351,test/20351.png,0,0,0,0,0,0,0,0,0,,,,
TRI,image,352,test/20352.png,0,0,0,0,0,0,0,0,0,,,,
TRI,image,353,test/20353.png,0,0,0,0,0,0,0,0,0,,,,
TRI,image,354,test/20354.png,0,0,0,0,0,0,0,0,0,,,,
TRI,image,355,test/20355.png,0,0,0,0,0,0,0,0,0,,,,
TRI,image,356,test/20356.png,0,0,0,0,0,0,0,0,0,,,,
TRI,image,357,test/20357.png,0,0,0,0,0,0,0,0,0,,,,
TRI,image,358,test/20358.png,0,0,0,0,0,0,0,0,0,,,,
TRI,image,359,test/20359.png,0,0,0,0,0,0,0,0,0,,,,
TRI,image,360,test/20360.png,0,0,0,0,0,0,0,0,0,,,,
TRI,image,361,test/20361.png,0,0,0,0,0,0,0,0,0,,,,
TRI,image,362,test/20362.png,0,0,0,0,0,0,0,0,0,,,,
TRI,image,363,test/20363.png,0,0,0,0,0,0,0,0,0,,,,
TRI,image,364,test/20364.png,0,0,0,0,0,0,0,0,0,,,,
TRI,image,365,test/20365.png,0,0,0,0,0,0,0,0,0,,,,
TRI,image,366,test/20366.png,0,0,0,0,0,0,0,0,0,,,,
TRI,image,367,test/20367.png,0,0,0,0,0,0,0,0,0,,,,
TRI,image,368,test/20368.png,0,0,0,0,0,0,0,0,0,,,,
TRI,image,369,test/20369.png,0,0,0,0,0,0,0,0,0,,,,
TRI,image,370,test/20370.png,0,0,0,0,0,0,0,0,0,,,,
TRI,image,371,test/20371.png,0,0,0,0,0,0,0,0,0,,,,
TRI,image,372,test/20372.png,0,0,0,0,0,0,0,0,0,,,,
TRI,image,373,test/20373.png,0,0,0,0,0,0,0,0,0,,,,
TRI,image,374,test/20374.png,0,0,0,0,0,0,0,0,0,,,,
TRI,image,375,test/20375.png,0,0,0,0,0,0,0,0,0,,,,
TRI,image,376,test/20376.png,0,0,0,0,0,0,0,0,0,,,,
TRI,image,377,test/20377.png,0,0,0,0,0,0,0,0,0,,,,
TRI,image,378,test/20378.png,1472,1472,1472,0,0,1472,0,0,0,1.0,1.0,0.0,0.0
TRI,image,379,test/20379.png,0,0,0,0,0,0,0,0,0,,,,
TRI,image,380,test/20380.png,0,0,0,0,0,0,0,0,0,,,,
TRI,image,381,test/20381.png,0,0,0,0,0,0,0,0,0,,,,
TRI,image,382,test/20382.png,0,0,0,0,0,0,0,0,0,,,,
TRI,image,383,test/20383.png,0,0,0,0,0,0,0,0,0,,,,
TRI,image,384,test/20384.png,0,0,0,0,0,0,0,0,0,,,,
TRI,image,385,test/20385.png,0,0,0,0,0,0,0,0,0,,,,
TRI,image,386,test/20386.png,0,0,0,0,0,0,0,0,0,,,,
TRI,image,387,test/20387.png,0,0,0,0,0,0,0,0,0,,,,
TRI,image,388,test/20388.png,0,0,0,0,0,0,0,0,0,,,,
TRI,image,389,test/20389.png,0,0,0,0,0,0,0,0,0,,,,
TRI,image,390,test/20390.png,0,0,0,0,0,0,0,0,0,,,,
TRI,image,391,test/20391.png,0,0,0,0,0,0,0,0,0,,,,
TRI,image,392,test/20392.png,4096,4031,4038,4,11,4027,54,0,0,0.984130859375,0.98583984375,0.0009765625,0.002685546875
TRI,image,393,test/20393.png,0,0,0,0,0,0,0,0,0,,,,
TRI,image,394,test/20394.png,0,0,0,0,0,0,0,0,0,,,,
TRI,image,395,test/20395.png,0,0,0,0,0,0,0,0,0,,,,
TRI,image,396,test/20396.png,0,0,0,0,0,0,0,0,0,,,,
TRI,image,397,test/20397.png,0,0,0,0,0,0,0,0,0,,,,
TRI,image,398,test/20398.png,0,0,0,0,0,0,0,0,0,,,,
TRI,image,399,test/20399.png,0,0,0,0,0,0,0,0,0,,,,
TRI,image,400,test/20400.png,0,0,0,0,0,0,0,0,0,,,,
TRI,image,401,test/20401.png,0,0,0,0,0,0,0,0,0,,,,
TRI,image,402,test/20402.png,0,0,0,0,0,0,0,0,0,,,,
TRI,image,403,test/20403.png,4096,4009,3981,34,6,3975,81,0,0,0.978759765625,0.971923828125,0.00830078125,0.00146484375
TRI,image,404,test/20404.png,0,0,0,0,0,0,0,0,0,,,,
TRI,image,405,test/20405.png,0,0,0,0,0,0,0,0,0,,,,
TRI,image,406,test/20406.png,0,0,0,0,0,0,0,0,0,,,,
TRI,image,407,test/20407.png,0,0,0,0,0,0,0,0,0,,,,
TRI,image,408,test/20408.png,0,0,0,0,0,0,0,0,0,,,,
TRI,image,409,test/20409.png,0,0,0,0,0,0,0,0,0,,,,
TRI,image,410,test/20410.png,0,0,0,0,0,0,0,0,0,,,,
TRI,image,411,test/20411.png,0,0,0,0,0,0,0,0,0,,,,
TRI,image,412,test/20412.png,0,0,0,0,0,0,0,0,0,,,,
TRI,image,413,test/20413.png,0,0,0,0,0,0,0,0,0,,,,
TRI,image,414,test/20414.png,0,0,0,0,0,0,0,0,0,,,,
TRI,image,415,test/20415.png,0,0,0,0,0,0,0,0,0,,,,
TRI,image,416,test/20416.png,4096,4041,4039,10,8,4031,47,0,0,0.986572265625,0.986083984375,0.00244140625,0.001953125
TRI,image,417,test/20417.png,0,0,0,0,0,0,0,0,0,,,,
TRI,image,418,test/20418.png,0,0,0,0,0,0,0,0,0,,,,
TRI,image,419,test/20419.png,0,0,0,0,0,0,0,0,0,,,,
TRI,image,420,test/20420.png,0,0,0,0,0,0,0,0,0,,,,
TRI,image,421,test/20421.png,0,0,0,0,0,0,0,0,0,,,,
TRI,image,422,test/20422.png,0,0,0,0,0,0,0,0,0,,,,
TRI,image,423,test/20423.png,0,0,0,0,0,0,0,0,0,,,,
TRI,image,424,test/20424.png,0,0,0,0,0,0,0,0,0,,,,
TRI,image,425,test/20425.png,0,0,0,0,0,0,0,0,0,,,,
TRI,image,426,test/20426.png,448,447,447,0,0,447,1,0,0,0.9977678571428571,0.9977678571428571,0.0,0.0
TRI,image,427,test/20427.png,0,0,0,0,0,0,0,0,0,,,,
TRI,image,428,test/20428.png,896,896,896,0,0,896,0,0,0,1.0,1.0,0.0,0.0
TRI,image,429,test/20429.png,0,0,0,0,0,0,0,0,0,,,,
TRI,image,430,test/20430.png,0,0,0,0,0,0,0,0,0,,,,
TRI,image,431,test/20431.png,0,0,0,0,0,0,0,0,0,,,,
TRI,image,432,test/20432.png,0,0,0,0,0,0,0,0,0,,,,
TRI,image,433,test/20433.png,0,0,0,0,0,0,0,0,0,,,,
TRI,image,434,test/20434.png,1600,1574,1578,4,8,1570,18,0,0,0.98375,0.98625,0.0025,0.005
TRI,image,435,test/20435.png,0,0,0,0,0,0,0,0,0,,,,
TRI,image,436,test/20436.png,0,0,0,0,0,0,0,0,0,,,,
TRI,image,437,test/20437.png,0,0,0,0,0,0,0,0,0,,,,
TRI,image,438,test/20438.png,0,0,0,0,0,0,0,0,0,,,,
TRI,image,439,test/20439.png,4096,3658,3633,69,44,3589,394,0,0,0.89306640625,0.886962890625,0.016845703125,0.0107421875
TRI,image,440,test/20440.png,0,0,0,0,0,0,0,0,0,,,,
TRI,image,441,test/20441.png,0,0,0,0,0,0,0,0,0,,,,
TRI,image,442,test/20442.png,0,0,0,0,0,0,0,0,0,,,,
TRI,image,443,test/20443.png,0,0,0,0,0,0,0,0,0,,,,
TRI,image,444,test/20444.png,0,0,0,0,0,0,0,0,0,,,,
TRI,image,445,test/20445.png,0,0,0,0,0,0,0,0,0,,,,
TRI,image,446,test/20446.png,0,0,0,0,0,0,0,0,0,,,,
TRI,image,447,test/20447.png,0,0,0,0,0,0,0,0,0,,,,
TRI,image,448,test/20448.png,0,0,0,0,0,0,0,0,0,,,,
TRI,image,449,test/20449.png,0,0,0,0,0,0,0,0,0,,,,
TRI,image,450,test/20450.png,0,0,0,0,0,0,0,0,0,,,,
TRI,image,451,test/20451.png,0,0,0,0,0,0,0,0,0,,,,
TRI,image,452,test/20452.png,640,640,640,0,0,640,0,0,0,1.0,1.0,0.0,0.0
TRI,image,453,test/20453.png,0,0,0,0,0,0,0,0,0,,,,
TRI,image,454,test/20454.png,0,0,0,0,0,0,0,0,0,,,,
TRI,image,455,test/20455.png,0,0,0,0,0,0,0,0,0,,,,
TRI,image,456,test/20456.png,0,0,0,0,0,0,0,0,0,,,,
TRI,image,457,test/20457.png,3712,3625,3593,47,15,3578,72,0,0,0.9765625,0.9679418103448276,0.012661637931034482,0.004040948275862069
TRI,image,458,test/20458.png,0,0,0,0,0,0,0,0,0,,,,
TRI,image,459,test/20459.png,0,0,0,0,0,0,0,0,0,,,,
TRI,image,460,test/20460.png,0,0,0,0,0,0,0,0,0,,,,
TRI,image,461,test/20461.png,0,0,0,0,0,0,0,0,0,,,,
TRI,image,462,test/20462.png,0,0,0,0,0,0,0,0,0,,,,
TRI,image,463,test/20463.png,0,0,0,0,0,0,0,0,0,,,,
TRI,image,464,test/20464.png,0,0,0,0,0,0,0,0,0,,,,
TRI,image,465,test/20465.png,2496,2442,2432,18,8,2424,46,0,0,0.9783653846153846,0.9743589743589743,0.007211538461538462,0.003205128205128205
TRI,image,466,test/20466.png,0,0,0,0,0,0,0,0,0,,,,
TRI,image,467,test/20467.png,0,0,0,0,0,0,0,0,0,,,,
TRI,image,468,test/20468.png,0,0,0,0,0,0,0,0,0,,,,
TRI,image,469,test/20469.png,0,0,0,0,0,0,0,0,0,,,,
TRI,image,470,test/20470.png,0,0,0,0,0,0,0,0,0,,,,
TRI,image,471,test/20471.png,0,0,0,0,0,0,0,0,0,,,,
TRI,image,472,test/20472.png,0,0,0,0,0,0,0,0,0,,,,
TRI,image,473,test/20473.png,0,0,0,0,0,0,0,0,0,,,,
TRI,image,474,test/20474.png,0,0,0,0,0,0,0,0,0,,,,
TRI,image,475,test/20475.png,0,0,0,0,0,0,0,0,0,,,,
TRI,image,476,test/20476.png,0,0,0,0,0,0,0,0,0,,,,
TRI,image,477,test/20477.png,0,0,0,0,0,0,0,0,0,,,,
TRI,image,478,test/20478.png,0,0,0,0,0,0,0,0,0,,,,
TRI,image,479,test/20479.png,0,0,0,0,0,0,0,0,0,,,,
TRI,image,480,test/20480.png,0,0,0,0,0,0,0,0,0,,,,
TRI,image,481,test/20481.png,0,0,0,0,0,0,0,0,0,,,,
TRI,image,482,test/20482.png,0,0,0,0,0,0,0,0,0,,,,
TRI,image,483,test/20483.png,0,0,0,0,0,0,0,0,0,,,,
TRI,image,484,test/20484.png,0,0,0,0,0,0,0,0,0,,,,
TRI,image,485,test/20485.png,0,0,0,0,0,0,0,0,0,,,,
TRI,image,486,test/20486.png,960,956,956,1,1,955,3,0,0,0.9958333333333333,0.9958333333333333,0.0010416666666666667,0.0010416666666666667
TRI,image,487,test/20487.png,832,830,832,0,2,830,0,0,0,0.9975961538461539,1.0,0.0,0.002403846153846154
TRI,image,488,test/20488.png,0,0,0,0,0,0,0,0,0,,,,
TRI,image,489,test/20489.png,0,0,0,0,0,0,0,0,0,,,,
TRI,image,490,test/20490.png,0,0,0,0,0,0,0,0,0,,,,
TRI,image,491,test/20491.png,0,0,0,0,0,0,0,0,0,,,,
TRI,image,492,test/20492.png,0,0,0,0,0,0,0,0,0,,,,
TRI,image,493,test/20493.png,0,0,0,0,0,0,0,0,0,,,,
TRI,image,494,test/20494.png,0,0,0,0,0,0,0,0,0,,,,
TRI,image,495,test/20495.png,0,0,0,0,0,0,0,0,0,,,,
TRI,image,496,test/20496.png,0,0,0,0,0,0,0,0,0,,,,
TRI,image,497,test/20497.png,0,0,0,0,0,0,0,0,0,,,,
TRI,image,498,test/20498.png,0,0,0,0,0,0,0,0,0,,,,
TRI,image,499,test/20499.png,0,0,0,0,0,0,0,0,0,,,,
TRI,image,500,test/20500.png,0,0,0,0,0,0,0,0,0,,,,
TRI,image,501,test/20501.png,0,0,0,0,0,0,0,0,0,,,,
TRI,image,502,test/20502.png,4096,3930,3961,10,41,3920,125,0,0,0.95947265625,0.967041015625,0.00244140625,0.010009765625
TRI,image,503,test/20503.png,0,0,0,0,0,0,0,0,0,,,,
TRI,image,504,test/20504.png,0,0,0,0,0,0,0,0,0,,,,
TRI,image,505,test/20505.png,0,0,0,0,0,0,0,0,0,,,,
TRI,image,506,test/20506.png,0,0,0,0,0,0,0,0,0,,,,
TRI,image,507,test/20507.png,0,0,0,0,0,0,0,0,0,,,,
TRI,image,508,test/20508.png,0,0,0,0,0,0,0,0,0,,,,
TRI,image,509,test/20509.png,0,0,0,0,0,0,0,0,0,,,,
TRI,image,510,test/20510.png,0,0,0,0,0,0,0,0,0,,,,
TRI,image,511,test/20511.png,0,0,0,0,0,0,0,0,0,,,,
TRI,image,512,test/20512.png,0,0,0,0,0,0,0,0,0,,,,
TRI,image,513,test/20513.png,0,0,0,0,0,0,0,0,0,,,,
TRI,image,514,test/20514.png,0,0,0,0,0,0,0,0,0,,,,
TRI,image,515,test/20515.png,0,0,0,0,0,0,0,0,0,,,,
TRI,image,516,test/20516.png,0,0,0,0,0,0,0,0,0,,,,
TRI,image,517,test/20517.png,3648,3606,3620,5,19,3601,23,0,0,0.9884868421052632,0.9923245614035088,0.0013706140350877192,0.005208333333333333
TRI,image,518,test/20518.png,0,0,0,0,0,0,0,0,0,,,,
TRI,image,519,test/20519.png,0,0,0,0,0,0,0,0,0,,,,
TRI,image,520,test/20520.png,0,0,0,0,0,0,0,0,0,,,,
TRI,image,521,test/20521.png,0,0,0,0,0,0,0,0,0,,,,
TRI,image,522,test/20522.png,0,0,0,0,0,0,0,0,0,,,,
TRI,image,523,test/20523.png,1088,1079,1076,5,2,1074,7,0,0,0.9917279411764706,0.9889705882352942,0.004595588235294118,0.001838235294117647
TRI,image,524,test/20524.png,0,0,0,0,0,0,0,0,0,,,,
TRI,image,525,test/20525.png,0,0,0,0,0,0,0,0,0,,,,
TRI,image,526,test/20526.png,0,0,0,0,0,0,0,0,0,,,,
TRI,image,527,test/20527.png,0,0,0,0,0,0,0,0,0,,,,
TRI,image,528,test/20528.png,0,0,0,0,0,0,0,0,0,,,,
TRI,image,529,test/20529.png,0,0,0,0,0,0,0,0,0,,,,
TRI,image,530,test/20530.png,0,0,0,0,0,0,0,0,0,,,,
TRI,image,531,test/20531.png,0,0,0,0,0,0,0,0,0,,,,
TRI,image,532,test/20532.png,0,0,0,0,0,0,0,0,0,,,,
TRI,image,533,test/20533.png,0,0,0,0,0,0,0,0,0,,,,
TRI,image,534,test/20534.png,0,0,0,0,0,0,0,0,0,,,,
TRI,image,535,test/20535.png,1664,1661,1661,0,0,1661,3,0,0,0.9981971153846154,0.9981971153846154,0.0,0.0
TRI,image,536,test/20536.png,0,0,0,0,0,0,0,0,0,,,,
TRI,image,537,test/20537.png,0,0,0,0,0,0,0,0,0,,,,
TRI,image,538,test/20538.png,0,0,0,0,0,0,0,0,0,,,,
TRI,image,539,test/20539.png,0,0,0,0,0,0,0,0,0,,,,
TRI,image,540,test/20540.png,0,0,0,0,0,0,0,0,0,,,,
TRI,image,541,test/20541.png,0,0,0,0,0,0,0,0,0,,,,
TRI,image,542,test/20542.png,0,0,0,0,0,0,0,0,0,,,,
TRI,image,543,test/20543.png,512,512,512,0,0,512,0,0,0,1.0,1.0,0.0,0.0
TRI,image,544,test/20544.png,320,315,314,1,0,314,5,0,0,0.984375,0.98125,0.003125,0.0
TRI,image,545,test/20545.png,0,0,0,0,0,0,0,0,0,,,,
TRI,image,546,test/20546.png,256,256,256,0,0,256,0,0,0,1.0,1.0,0.0,0.0
TRI,image,547,test/20547.png,0,0,0,0,0,0,0,0,0,,,,
TRI,image,548,test/20548.png,0,0,0,0,0,0,0,0,0,,,,
TRI,image,549,test/20549.png,0,0,0,0,0,0,0,0,0,,,,
TRI,image,550,test/20550.png,0,0,0,0,0,0,0,0,0,,,,
TRI,image,551,test/20551.png,0,0,0,0,0,0,0,0,0,,,,
TRI,image,552,test/20552.png,0,0,0,0,0,0,0,0,0,,,,
TRI,image,553,test/20553.png,0,0,0,0,0,0,0,0,0,,,,
TRI,image,554,test/20554.png,0,0,0,0,0,0,0,0,0,,,,
TRI,image,555,test/20555.png,0,0,0,0,0,0,0,0,0,,,,
TRI,image,556,test/20556.png,0,0,0,0,0,0,0,0,0,,,,
TRI,image,557,test/20557.png,0,0,0,0,0,0,0,0,0,,,,
TRI,image,558,test/20558.png,0,0,0,0,0,0,0,0,0,,,,
TRI,image,559,test/20559.png,0,0,0,0,0,0,0,0,0,,,,
TRI,image,560,test/20560.png,0,0,0,0,0,0,0,0,0,,,,
TRI,image,561,test/20561.png,1792,1785,1787,0,2,1785,5,0,0,0.99609375,0.9972098214285714,0.0,0.0011160714285714285
TRI,image,562,test/20562.png,0,0,0,0,0,0,0,0,0,,,,
TRI,image,563,test/20563.png,0,0,0,0,0,0,0,0,0,,,,
TRI,image,564,test/20564.png,512,509,506,3,0,506,3,0,0,0.994140625,0.98828125,0.005859375,0.0
TRI,image,565,test/20565.png,0,0,0,0,0,0,0,0,0,,,,
TRI,image,566,test/20566.png,0,0,0,0,0,0,0,0,0,,,,
TRI,image,567,test/20567.png,0,0,0,0,0,0,0,0,0,,,,
TRI,image,568,test/20568.png,0,0,0,0,0,0,0,0,0,,,,
TRI,image,569,test/20569.png,0,0,0,0,0,0,0,0,0,,,,
TRI,image,570,test/20570.png,0,0,0,0,0,0,0,0,0,,,,
TRI,image,571,test/20571.png,0,0,0,0,0,0,0,0,0,,,,
TRI,image,572,test/20572.png,0,0,0,0,0,0,0,0,0,,,,
TRI,image,573,test/20573.png,0,0,0,0,0,0,0,0,0,,,,
TRI,image,574,test/20574.png,0,0,0,0,0,0,0,0,0,,,,
TRI,image,575,test/20575.png,0,0,0,0,0,0,0,0,0,,,,
TRI,image,576,test/20576.png,0,0,0,0,0,0,0,0,0,,,,
TRI,image,577,test/20577.png,0,0,0,0,0,0,0,0,0,,,,
TRI,image,578,test/20578.png,0,0,0,0,0,0,0,0,0,,,,
TRI,image,579,test/20579.png,0,0,0,0,0,0,0,0,0,,,,
TRI,image,580,test/20580.png,0,0,0,0,0,0,0,0,0,,,,
TRI,image,581,test/20581.png,0,0,0,0,0,0,0,0,0,,,,
TRI,image,582,test/20582.png,0,0,0,0,0,0,0,0,0,,,,
TRI,image,583,test/20583.png,0,0,0,0,0,0,0,0,0,,,,
TRI,image,584,test/20584.png,0,0,0,0,0,0,0,0,0,,,,
TRI,image,585,test/20585.png,0,0,0,0,0,0,0,0,0,,,,
TRI,image,586,test/20586.png,0,0,0,0,0,0,0,0,0,,,,
TRI,image,587,test/20587.png,1152,1152,1152,0,0,1152,0,0,0,1.0,1.0,0.0,0.0
TRI,image,588,test/20588.png,0,0,0,0,0,0,0,0,0,,,,
TRI,image,589,test/20589.png,0,0,0,0,0,0,0,0,0,,,,
TRI,image,590,test/20590.png,0,0,0,0,0,0,0,0,0,,,,
TRI,image,591,test/20591.png,0,0,0,0,0,0,0,0,0,,,,
TRI,image,592,test/20592.png,0,0,0,0,0,0,0,0,0,,,,
TRI,image,593,test/20593.png,0,0,0,0,0,0,0,0,0,,,,
TRI,image,594,test/20594.png,0,0,0,0,0,0,0,0,0,,,,
TRI,image,595,test/20595.png,0,0,0,0,0,0,0,0,0,,,,
TRI,image,596,test/20596.png,0,0,0,0,0,0,0,0,0,,,,
TRI,image,597,test/20597.png,0,0,0,0,0,0,0,0,0,,,,
TRI,image,598,test/20598.png,0,0,0,0,0,0,0,0,0,,,,
TRI,image,599,test/20599.png,1984,1981,1982,0,1,1981,2,0,0,0.9984879032258065,0.998991935483871,0.0,0.0005040322580645161
TRI,image,600,test/20600.png,1536,1417,1404,21,8,1396,111,0,0,0.9225260416666666,0.9140625,0.013671875,0.005208333333333333
TRI,image,601,test/20601.png,0,0,0,0,0,0,0,0,0,,,,
TRI,image,602,test/20602.png,0,0,0,0,0,0,0,0,0,,,,
TRI,image,603,test/20603.png,0,0,0,0,0,0,0,0,0,,,,
TRI,image,604,test/20604.png,0,0,0,0,0,0,0,0,0,,,,
TRI,image,605,test/20605.png,0,0,0,0,0,0,0,0,0,,,,
TRI,image,606,test/20606.png,0,0,0,0,0,0,0,0,0,,,,
TRI,image,607,test/20607.png,0,0,0,0,0,0,0,0,0,,,,
TRI,image,608,test/20608.png,0,0,0,0,0,0,0,0,0,,,,
TRI,image,609,test/20609.png,0,0,0,0,0,0,0,0,0,,,,
TRI,image,610,test/20610.png,0,0,0,0,0,0,0,0,0,,,,
TRI,image,611,test/20611.png,0,0,0,0,0,0,0,0,0,,,,
TRI,image,612,test/20612.png,0,0,0,0,0,0,0,0,0,,,,
TRI,image,613,test/20613.png,0,0,0,0,0,0,0,0,0,,,,
TRI,image,614,test/20614.png,0,0,0,0,0,0,0,0,0,,,,
TRI,image,615,test/20615.png,0,0,0,0,0,0,0,0,0,,,,
TRI,image,616,test/20616.png,0,0,0,0,0,0,0,0,0,,,,
TRI,image,617,test/20617.png,0,0,0,0,0,0,0,0,0,,,,
TRI,image,618,test/20618.png,0,0,0,0,0,0,0,0,0,,,,
TRI,image,619,test/20619.png,0,0,0,0,0,0,0,0,0,,,,
TRI,image,620,test/20620.png,0,0,0,0,0,0,0,0,0,,,,
TRI,image,621,test/20621.png,0,0,0,0,0,0,0,0,0,,,,
TRI,image,622,test/20622.png,0,0,0,0,0,0,0,0,0,,,,
TRI,image,623,test/20623.png,0,0,0,0,0,0,0,0,0,,,,
TRI,image,624,test/20624.png,2048,2009,2008,11,10,1998,29,0,0,0.98095703125,0.98046875,0.00537109375,0.0048828125
TRI,image,625,test/20625.png,1600,1552,1536,23,7,1529,41,0,0,0.97,0.96,0.014375,0.004375
TRI,image,626,test/20626.png,0,0,0,0,0,0,0,0,0,,,,
TRI,image,627,test/20627.png,0,0,0,0,0,0,0,0,0,,,,
TRI,image,628,test/20628.png,0,0,0,0,0,0,0,0,0,,,,
TRI,image,629,test/20629.png,0,0,0,0,0,0,0,0,0,,,,
TRI,image,630,test/20630.png,0,0,0,0,0,0,0,0,0,,,,
TRI,image,631,test/20631.png,0,0,0,0,0,0,0,0,0,,,,
TRI,image,632,test/20632.png,640,627,629,2,4,625,9,0,0,0.9796875,0.9828125,0.003125,0.00625
TRI,image,633,test/20633.png,0,0,0,0,0,0,0,0,0,,,,
TRI,image,634,test/20634.png,0,0,0,0,0,0,0,0,0,,,,
TRI,image,635,test/20635.png,0,0,0,0,0,0,0,0,0,,,,
TRI,image,636,test/20636.png,0,0,0,0,0,0,0,0,0,,,,
TRI,image,637,test/20637.png,0,0,0,0,0,0,0,0,0,,,,
TRI,image,638,test/20638.png,0,0,0,0,0,0,0,0,0,,,,
TRI,image,639,test/20639.png,0,0,0,0,0,0,0,0,0,,,,
TRI,image,640,test/20640.png,960,827,776,79,28,748,105,0,0,0.8614583333333333,0.8083333333333333,0.08229166666666667,0.029166666666666667
TRI,image,641,test/20641.png,0,0,0,0,0,0,0,0,0,,,,
TRI,image,642,test/20642.png,0,0,0,0,0,0,0,0,0,,,,
TRI,image,643,test/20643.png,0,0,0,0,0,0,0,0,0,,,,
TRI,image,644,test/20644.png,0,0,0,0,0,0,0,0,0,,,,
TRI,image,645,test/20645.png,0,0,0,0,0,0,0,0,0,,,,
TRI,image,646,test/20646.png,1344,1325,1323,5,3,1320,16,0,0,0.9858630952380952,0.984375,0.003720238095238095,0.002232142857142857
TRI,image,647,test/20647.png,0,0,0,0,0,0,0,0,0,,,,
TRI,image,648,test/20648.png,0,0,0,0,0,0,0,0,0,,,,
TRI,image,649,test/20649.png,0,0,0,0,0,0,0,0,0,,,,
TRI,image,650,test/20650.png,0,0,0,0,0,0,0,0,0,,,,
TRI,image,651,test/20651.png,0,0,0,0,0,0,0,0,0,,,,
TRI,image,652,test/20652.png,0,0,0,0,0,0,0,0,0,,,,
TRI,image,653,test/20653.png,0,0,0,0,0,0,0,0,0,,,,
TRI,image,654,test/20654.png,0,0,0,0,0,0,0,0,0,,,,
TRI,image,655,test/20655.png,0,0,0,0,0,0,0,0,0,,,,
TRI,image,656,test/20656.png,0,0,0,0,0,0,0,0,0,,,,
TRI,image,657,test/20657.png,0,0,0,0,0,0,0,0,0,,,,
TRI,image,658,test/20658.png,0,0,0,0,0,0,0,0,0,,,,
TRI,image,659,test/20659.png,0,0,0,0,0,0,0,0,0,,,,
TRI,image,660,test/20660.png,1344,1323,1306,17,0,1306,21,0,0,0.984375,0.9717261904761905,0.012648809523809524,0.0
TRI,image,661,test/20661.png,0,0,0,0,0,0,0,0,0,,,,
TRI,image,662,test/20662.png,0,0,0,0,0,0,0,0,0,,,,
TRI,image,663,test/20663.png,0,0,0,0,0,0,0,0,0,,,,
TRI,image,664,test/20664.png,0,0,0,0,0,0,0,0,0,,,,
TRI,image,665,test/20665.png,2368,2310,2313,13,16,2297,42,0,0,0.9755067567567568,0.9767736486486487,0.005489864864864865,0.006756756756756757
TRI,image,666,test/20666.png,0,0,0,0,0,0,0,0,0,,,,
TRI,image,667,test/20667.png,512,472,470,13,11,459,29,0,0,0.921875,0.91796875,0.025390625,0.021484375
TRI,image,668,test/20668.png,0,0,0,0,0,0,0,0,0,,,,
TRI,image,669,test/20669.png,3136,3130,3129,1,0,3129,6,0,0,0.9980867346938775,0.9977678571428571,0.00031887755102040814,0.0
TRI,image,670,test/20670.png,0,0,0,0,0,0,0,0,0,,,,
TRI,image,671,test/20671.png,4096,3928,3945,19,36,3909,132,0,0,0.958984375,0.963134765625,0.004638671875,0.0087890625
TRI,image,672,test/20672.png,512,508,508,0,0,508,4,0,0,0.9921875,0.9921875,0.0,0.0
TRI,image,673,test/20673.png,0,0,0,0,0,0,0,0,0,,,,
TRI,image,674,test/20674.png,0,0,0,0,0,0,0,0,0,,,,
TRI,image,675,test/20675.png,0,0,0,0,0,0,0,0,0,,,,
TRI,image,676,test/20676.png,0,0,0,0,0,0,0,0,0,,,,
TRI,image,677,test/20677.png,0,0,0,0,0,0,0,0,0,,,,
TRI,image,678,test/20678.png,0,0,0,0,0,0,0,0,0,,,,
TRI,image,679,test/20679.png,0,0,0,0,0,0,0,0,0,,,,
TRI,image,680,test/20680.png,0,0,0,0,0,0,0,0,0,,,,
TRI,image,681,test/20681.png,0,0,0,0,0,0,0,0,0,,,,
TRI,image,682,test/20682.png,4096,4017,4014,3,0,4014,79,0,0,0.980712890625,0.97998046875,0.000732421875,0.0
TRI,image,683,test/20683.png,0,0,0,0,0,0,0,0,0,,,,
TRI,image,684,test/20684.png,0,0,0,0,0,0,0,0,0,,,,
TRI,image,685,test/20685.png,2816,2745,2742,13,10,2732,61,0,0,0.9747869318181818,0.9737215909090909,0.004616477272727273,0.0035511363636363635
TRI,image,686,test/20686.png,0,0,0,0,0,0,0,0,0,,,,
TRI,image,687,test/20687.png,0,0,0,0,0,0,0,0,0,,,,
TRI,image,688,test/20688.png,0,0,0,0,0,0,0,0,0,,,,
TRI,image,689,test/20689.png,0,0,0,0,0,0,0,0,0,,,,
TRI,image,690,test/20690.png,0,0,0,0,0,0,0,0,0,,,,
TRI,image,691,test/20691.png,0,0,0,0,0,0,0,0,0,,,,
TRI,image,692,test/20692.png,0,0,0,0,0,0,0,0,0,,,,
TRI,image,693,test/20693.png,0,0,0,0,0,0,0,0,0,,,,
TRI,image,694,test/20694.png,0,0,0,0,0,0,0,0,0,,,,
TRI,image,695,test/20695.png,0,0,0,0,0,0,0,0,0,,,,
TRI,image,696,test/20696.png,0,0,0,0,0,0,0,0,0,,,,
TRI,image,697,test/20697.png,0,0,0,0,0,0,0,0,0,,,,
TRI,image,698,test/20698.png,0,0,0,0,0,0,0,0,0,,,,
TRI,image,699,test/20699.png,0,0,0,0,0,0,0,0,0,,,,
TRI,image,700,test/20700.png,0,0,0,0,0,0,0,0,0,,,,
TRI,image,701,test/20701.png,0,0,0,0,0,0,0,0,0,,,,
TRI,image,702,test/20702.png,0,0,0,0,0,0,0,0,0,,,,
TRI,image,703,test/20703.png,0,0,0,0,0,0,0,0,0,,,,
TRI,image,704,test/20704.png,0,0,0,0,0,0,0,0,0,,,,
TRI,image,705,test/20705.png,0,0,0,0,0,0,0,0,0,,,,
TRI,image,706,test/20706.png,0,0,0,0,0,0,0,0,0,,,,
TRI,image,707,test/20707.png,0,0,0,0,0,0,0,0,0,,,,
TRI,image,708,test/20708.png,0,0,0,0,0,0,0,0,0,,,,
TRI,image,709,test/20709.png,0,0,0,0,0,0,0,0,0,,,,
TRI,image,710,test/20710.png,0,0,0,0,0,0,0,0,0,,,,
TRI,image,711,test/20711.png,0,0,0,0,0,0,0,0,0,,,,
TRI,image,712,test/20712.png,0,0,0,0,0,0,0,0,0,,,,
TRI,image,713,test/20713.png,0,0,0,0,0,0,0,0,0,,,,
TRI,image,714,test/20714.png,0,0,0,0,0,0,0,0,0,,,,
TRI,image,715,test/20715.png,0,0,0,0,0,0,0,0,0,,,,
TRI,image,716,test/20716.png,0,0,0,0,0,0,0,0,0,,,,
TRI,image,717,test/20717.png,0,0,0,0,0,0,0,0,0,,,,
TRI,image,718,test/20718.png,0,0,0,0,0,0,0,0,0,,,,
TRI,image,719,test/20719.png,0,0,0,0,0,0,0,0,0,,,,
TRI,image,720,test/20720.png,0,0,0,0,0,0,0,0,0,,,,
TRI,image,721,test/20721.png,0,0,0,0,0,0,0,0,0,,,,
TRI,image,722,test/20722.png,0,0,0,0,0,0,0,0,0,,,,
TRI,image,723,test/20723.png,0,0,0,0,0,0,0,0,0,,,,
TRI,image,724,test/20724.png,1984,1957,1935,26,4,1931,23,0,0,0.9863911290322581,0.9753024193548387,0.01310483870967742,0.0020161290322580645
TRI,image,725,test/20725.png,0,0,0,0,0,0,0,0,0,,,,
TRI,image,726,test/20726.png,0,0,0,0,0,0,0,0,0,,,,
TRI,image,727,test/20727.png,0,0,0,0,0,0,0,0,0,,,,
TRI,image,728,test/20728.png,0,0,0,0,0,0,0,0,0,,,,
TRI,image,729,test/20729.png,0,0,0,0,0,0,0,0,0,,,,
TRI,image,730,test/20730.png,0,0,0,0,0,0,0,0,0,,,,
TRI,image,731,test/20731.png,0,0,0,0,0,0,0,0,0,,,,
TRI,image,732,test/20732.png,0,0,0,0,0,0,0,0,0,,,,
TRI,image,733,test/20733.png,0,0,0,0,0,0,0,0,0,,,,
TRI,image,734,test/20734.png,0,0,0,0,0,0,0,0,0,,,,
TRI,image,735,test/20735.png,0,0,0,0,0,0,0,0,0,,,,
TRI,image,736,test/20736.png,0,0,0,0,0,0,0,0,0,,,,
TRI,image,737,test/20737.png,0,0,0,0,0,0,0,0,0,,,,
TRI,image,738,test/20738.png,768,765,767,0,2,765,1,0,0,0.99609375,0.9986979166666666,0.0,0.0026041666666666665
TRI,image,739,test/20739.png,0,0,0,0,0,0,0,0,0,,,,
TRI,image,740,test/20740.png,0,0,0,0,0,0,0,0,0,,,,
TRI,image,741,test/20741.png,0,0,0,0,0,0,0,0,0,,,,
TRI,image,742,test/20742.png,0,0,0,0,0,0,0,0,0,,,,
TRI,image,743,test/20743.png,0,0,0,0,0,0,0,0,0,,,,
TRI,image,744,test/20744.png,2560,2103,2048,146,91,1957,366,0,0,0.821484375,0.8,0.05703125,0.035546875
TRI,image,745,test/20745.png,0,0,0,0,0,0,0,0,0,,,,
TRI,image,746,test/20746.png,0,0,0,0,0,0,0,0,0,,,,
TRI,image,747,test/20747.png,896,881,880,2,1,879,14,0,0,0.9832589285714286,0.9821428571428571,0.002232142857142857,0.0011160714285714285
TRI,image,748,test/20748.png,0,0,0,0,0,0,0,0,0,,,,
TRI,image,749,test/20749.png,0,0,0,0,0,0,0,0,0,,,,
TRI,image,750,test/20750.png,0,0,0,0,0,0,0,0,0,,,,
TRI,image,751,test/20751.png,0,0,0,0,0,0,0,0,0,,,,
TRI,image,752,test/20752.png,0,0,0,0,0,0,0,0,0,,,,
TRI,image,753,test/20753.png,0,0,0,0,0,0,0,0,0,,,,
TRI,image,754,test/20754.png,384,384,384,0,0,384,0,0,0,1.0,1.0,0.0,0.0
TRI,image,755,test/20755.png,0,0,0,0,0,0,0,0,0,,,,
TRI,image,756,test/20756.png,0,0,0,0,0,0,0,0,0,,,,
TRI,image,757,test/20757.png,0,0,0,0,0,0,0,0,0,,,,
TRI,image,758,test/20758.png,0,0,0,0,0,0,0,0,0,,,,
TRI,image,759,test/20759.png,0,0,0,0,0,0,0,0,0,,,,
TRI,image,760,test/20760.png,0,0,0,0,0,0,0,0,0,,,,
TRI,image,761,test/20761.png,0,0,0,0,0,0,0,0,0,,,,
TRI,image,762,test/20762.png,0,0,0,0,0,0,0,0,0,,,,
TRI,image,763,test/20763.png,0,0,0,0,0,0,0,0,0,,,,
TRI,image,764,test/20764.png,0,0,0,0,0,0,0,0,0,,,,
TRI,image,765,test/20765.png,1024,992,981,15,4,977,28,0,0,0.96875,0.9580078125,0.0146484375,0.00390625
TRI,image,766,test/20766.png,0,0,0,0,0,0,0,0,0,,,,
TRI,image,767,test/20767.png,0,0,0,0,0,0,0,0,0,,,,
TRI,image,768,test/20768.png,0,0,0,0,0,0,0,0,0,,,,
TRI,image,769,test/20769.png,0,0,0,0,0,0,0,0,0,,,,
TRI,image,770,test/20770.png,0,0,0,0,0,0,0,0,0,,,,
TRI,image,771,test/20771.png,0,0,0,0,0,0,0,0,0,,,,
TRI,image,772,test/20772.png,2048,1544,1537,61,54,1483,450,0,0,0.75390625,0.75048828125,0.02978515625,0.0263671875
TRI,image,773,test/20773.png,0,0,0,0,0,0,0,0,0,,,,
TRI,image,774,test/20774.png,0,0,0,0,0,0,0,0,0,,,,
TRI,image,775,test/20775.png,0,0,0,0,0,0,0,0,0,,,,
TRI,image,776,test/20776.png,0,0,0,0,0,0,0,0,0,,,,
TRI,image,777,test/20777.png,0,0,0,0,0,0,0,0,0,,,,
TRI,image,778,test/20778.png,0,0,0,0,0,0,0,0,0,,,,
TRI,image,779,test/20779.png,0,0,0,0,0,0,0,0,0,,,,
TRI,image,780,test/20780.png,0,0,0,0,0,0,0,0,0,,,,
TRI,image,781,test/20781.png,0,0,0,0,0,0,0,0,0,,,,
TRI,image,782,test/20782.png,0,0,0,0,0,0,0,0,0,,,,
TRI,image,783,test/20783.png,0,0,0,0,0,0,0,0,0,,,,
TRI,image,784,test/20784.png,4096,4015,4053,11,49,4004,32,0,0,0.980224609375,0.989501953125,0.002685546875,0.011962890625
TRI,image,785,test/20785.png,2944,2923,2923,3,3,2920,18,0,0,0.9928668478260869,0.9928668478260869,0.0010190217391304348,0.0010190217391304348
TRI,image,786,test/20786.png,0,0,0,0,0,0,0,0,0,,,,
TRI,image,787,test/20787.png,0,0,0,0,0,0,0,0,0,,,,
TRI,image,788,test/20788.png,0,0,0,0,0,0,0,0,0,,,,
TRI,image,789,test/20789.png,0,0,0,0,0,0,0,0,0,,,,
TRI,image,790,test/20790.png,0,0,0,0,0,0,0,0,0,,,,
TRI,image,791,test/20791.png,0,0,0,0,0,0,0,0,0,,,,
TRI,image,792,test/20792.png,0,0,0,0,0,0,0,0,0,,,,
TRI,image,793,test/20793.png,0,0,0,0,0,0,0,0,0,,,,
TRI,image,794,test/20794.png,0,0,0,0,0,0,0,0,0,,,,
TRI,image,795,test/20795.png,0,0,0,0,0,0,0,0,0,,,,
TRI,image,796,test/20796.png,0,0,0,0,0,0,0,0,0,,,,
TRI,image,797,test/20797.png,0,0,0,0,0,0,0,0,0,,,,
TRI,image,798,test/20798.png,0,0,0,0,0,0,0,0,0,,,,
TRI,image,799,test/20799.png,0,0,0,0,0,0,0,0,0,,,,
TRI,image,800,test/20800.png,0,0,0,0,0,0,0,0,0,,,,
TRI,image,801,test/20801.png,448,419,418,5,4,414,25,0,0,0.9352678571428571,0.9330357142857143,0.011160714285714286,0.008928571428571428
TRI,image,802,test/20802.png,0,0,0,0,0,0,0,0,0,,,,
TRI,image,803,test/20803.png,0,0,0,0,0,0,0,0,0,,,,
TRI,image,804,test/20804.png,3648,3578,3573,14,9,3564,61,0,0,0.9808114035087719,0.9794407894736842,0.003837719298245614,0.0024671052631578946
TRI,image,805,test/20805.png,0,0,0,0,0,0,0,0,0,,,,
TRI,image,806,test/20806.png,0,0,0,0,0,0,0,0,0,,,,
TRI,image,807,test/20807.png,0,0,0,0,0,0,0,0,0,,,,
TRI,image,808,test/20808.png,0,0,0,0,0,0,0,0,0,,,,
TRI,image,809,test/20809.png,0,0,0,0,0,0,0,0,0,,,,
TRI,image,810,test/20810.png,0,0,0,0,0,0,0,0,0,,,,
TRI,image,811,test/20811.png,0,0,0,0,0,0,0,0,0,,,,
TRI,image,812,test/20812.png,0,0,0,0,0,0,0,0,0,,,,
TRI,image,813,test/20813.png,0,0,0,0,0,0,0,0,0,,,,
TRI,image,814,test/20814.png,0,0,0,0,0,0,0,0,0,,,,
TRI,image,815,test/20815.png,0,0,0,0,0,0,0,0,0,,,,
TRI,image,816,test/20816.png,256,256,256,0,0,256,0,0,0,1.0,1.0,0.0,0.0
TRI,image,817,test/20817.png,0,0,0,0,0,0,0,0,0,,,,
TRI,image,818,test/20818.png,0,0,0,0,0,0,0,0,0,,,,
TRI,image,819,test/20819.png,0,0,0,0,0,0,0,0,0,,,,
TRI,image,820,test/20820.png,0,0,0,0,0,0,0,0,0,,,,
TRI,image,821,test/20821.png,640,638,638,0,0,638,2,0,0,0.996875,0.996875,0.0,0.0
TRI,image,822,test/20822.png,0,0,0,0,0,0,0,0,0,,,,
TRI,image,823,test/20823.png,0,0,0,0,0,0,0,0,0,,,,
TRI,image,824,test/20824.png,0,0,0,0,0,0,0,0,0,,,,
TRI,image,825,test/20825.png,0,0,0,0,0,0,0,0,0,,,,
TRI,image,826,test/20826.png,0,0,0,0,0,0,0,0,0,,,,
TRI,image,827,test/20827.png,896,894,894,1,1,893,1,0,0,0.9977678571428571,0.9977678571428571,0.0011160714285714285,0.0011160714285714285
TRI,image,828,test/20828.png,0,0,0,0,0,0,0,0,0,,,,
TRI,image,829,test/20829.png,512,498,487,14,3,484,11,0,0,0.97265625,0.951171875,0.02734375,0.005859375
TRI,image,830,test/20830.png,0,0,0,0,0,0,0,0,0,,,,
TRI,image,831,test/20831.png,0,0,0,0,0,0,0,0,0,,,,
TRI,image,832,test/20832.png,0,0,0,0,0,0,0,0,0,,,,
TRI,image,833,test/20833.png,0,0,0,0,0,0,0,0,0,,,,
TRI,image,834,test/20834.png,2560,2553,2542,12,1,2541,6,0,0,0.997265625,0.99296875,0.0046875,0.000390625
TRI,image,835,test/20835.png,0,0,0,0,0,0,0,0,0,,,,
TRI,image,836,test/20836.png,0,0,0,0,0,0,0,0,0,,,,
TRI,image,837,test/20837.png,0,0,0,0,0,0,0,0,0,,,,
TRI,image,838,test/20838.png,0,0,0,0,0,0,0,0,0,,,,
TRI,image,839,test/20839.png,0,0,0,0,0,0,0,0,0,,,,
TRI,image,840,test/20840.png,0,0,0,0,0,0,0,0,0,,,,
TRI,image,841,test/20841.png,0,0,0,0,0,0,0,0,0,,,,
TRI,image,842,test/20842.png,0,0,0,0,0,0,0,0,0,,,,
TRI,image,843,test/20843.png,0,0,0,0,0,0,0,0,0,,,,
TRI,image,844,test/20844.png,0,0,0,0,0,0,0,0,0,,,,
TRI,image,845,test/20845.png,0,0,0,0,0,0,0,0,0,,,,
TRI,image,846,test/20846.png,0,0,0,0,0,0,0,0,0,,,,
TRI,image,847,test/20847.png,0,0,0,0,0,0,0,0,0,,,,
TRI,image,848,test/20848.png,3392,3354,3342,13,1,3341,37,0,0,0.9887971698113207,0.9852594339622641,0.0038325471698113208,0.00029481132075471697
TRI,image,849,test/20849.png,0,0,0,0,0,0,0,0,0,,,,
TRI,image,850,test/20850.png,0,0,0,0,0,0,0,0,0,,,,
TRI,image,851,test/20851.png,0,0,0,0,0,0,0,0,0,,,,
TRI,image,852,test/20852.png,0,0,0,0,0,0,0,0,0,,,,
TRI,image,853,test/20853.png,0,0,0,0,0,0,0,0,0,,,,
TRI,image,854,test/20854.png,0,0,0,0,0,0,0,0,0,,,,
TRI,image,855,test/20855.png,0,0,0,0,0,0,0,0,0,,,,
TRI,image,856,test/20856.png,0,0,0,0,0,0,0,0,0,,,,
TRI,image,857,test/20857.png,2752,2733,2725,9,1,2724,18,0,0,0.9930959302325582,0.9901889534883721,0.0032703488372093025,0.0003633720930232558
TRI,image,858,test/20858.png,0,0,0,0,0,0,0,0,0,,,,
TRI,image,859,test/20859.png,0,0,0,0,0,0,0,0,0,,,,
TRI,image,860,test/20860.png,0,0,0,0,0,0,0,0,0,,,,
TRI,image,861,test/20861.png,0,0,0,0,0,0,0,0,0,,,,
TRI,image,862,test/20862.png,0,0,0,0,0,0,0,0,0,,,,
TRI,image,863,test/20863.png,0,0,0,0,0,0,0,0,0,,,,
TRI,image,864,test/20864.png,0,0,0,0,0,0,0,0,0,,,,
TRI,image,865,test/20865.png,0,0,0,0,0,0,0,0,0,,,,
TRI,image,866,test/20866.png,0,0,0,0,0,0,0,0,0,,,,
TRI,image,867,test/20867.png,0,0,0,0,0,0,0,0,0,,,,
TRI,image,868,test/20868.png,0,0,0,0,0,0,0,0,0,,,,
TRI,image,869,test/20869.png,0,0,0,0,0,0,0,0,0,,,,
TRI,image,870,test/20870.png,2560,2526,2517,9,0,2517,34,0,0,0.98671875,0.983203125,0.003515625,0.0
TRI,image,871,test/20871.png,0,0,0,0,0,0,0,0,0,,,,
TRI,image,872,test/20872.png,0,0,0,0,0,0,0,0,0,,,,
TRI,image,873,test/20873.png,0,0,0,0,0,0,0,0,0,,,,
TRI,image,874,test/20874.png,0,0,0,0,0,0,0,0,0,,,,
TRI,image,875,test/20875.png,0,0,0,0,0,0,0,0,0,,,,
TRI,image,876,test/20876.png,0,0,0,0,0,0,0,0,0,,,,
TRI,image,877,test/20877.png,0,0,0,0,0,0,0,0,0,,,,
TRI,image,878,test/20878.png,0,0,0,0,0,0,0,0,0,,,,
TRI,image,879,test/20879.png,0,0,0,0,0,0,0,0,0,,,,
TRI,image,880,test/20880.png,0,0,0,0,0,0,0,0,0,,,,
TRI,image,881,test/20881.png,3904,3891,3889,2,0,3889,13,0,0,0.9966700819672131,0.9961577868852459,0.0005122950819672131,0.0
TRI,image,882,test/20882.png,4096,4011,4017,13,19,3998,66,0,0,0.979248046875,0.980712890625,0.003173828125,0.004638671875
TRI,image,883,test/20883.png,0,0,0,0,0,0,0,0,0,,,,
TRI,image,884,test/20884.png,4096,3705,3734,40,69,3665,322,0,0,0.904541015625,0.91162109375,0.009765625,0.016845703125
TRI,image,885,test/20885.png,0,0,0,0,0,0,0,0,0,,,,
TRI,image,886,test/20886.png,0,0,0,0,0,0,0,0,0,,,,
TRI,image,887,test/20887.png,0,0,0,0,0,0,0,0,0,,,,
TRI,image,888,test/20888.png,0,0,0,0,0,0,0,0,0,,,,
TRI,image,889,test/20889.png,0,0,0,0,0,0,0,0,0,,,,
TRI,image,890,test/20890.png,0,0,0,0,0,0,0,0,0,,,,
TRI,image,891,test/20891.png,704,699,687,12,0,687,5,0,0,0.9928977272727273,0.9758522727272727,0.017045454545454544,0.0
TRI,image,892,test/20892.png,1280,1280,1280,0,0,1280,0,0,0,1.0,1.0,0.0,0.0
TRI,image,893,test/20893.png,0,0,0,0,0,0,0,0,0,,,,
TRI,image,894,test/20894.png,0,0,0,0,0,0,0,0,0,,,,
TRI,image,895,test/20895.png,832,826,828,0,2,826,4,0,0,0.9927884615384616,0.9951923076923077,0.0,0.002403846153846154
TRI,image,896,test/20896.png,0,0,0,0,0,0,0,0,0,,,,
TRI,image,897,test/20897.png,0,0,0,0,0,0,0,0,0,,,,
TRI,image,898,test/20898.png,0,0,0,0,0,0,0,0,0,,,,
TRI,image,899,test/20899.png,0,0,0,0,0,0,0,0,0,,,,
TRI,image,900,test/20900.png,0,0,0,0,0,0,0,0,0,,,,
TRI,image,901,test/20901.png,0,0,0,0,0,0,0,0,0,,,,
TRI,image,902,test/20902.png,1856,1856,1856,0,0,1856,0,0,0,1.0,1.0,0.0,0.0
TRI,image,903,test/20903.png,0,0,0,0,0,0,0,0,0,,,,
TRI,image,904,test/20904.png,0,0,0,0,0,0,0,0,0,,,,
TRI,image,905,test/20905.png,0,0,0,0,0,0,0,0,0,,,,
TRI,image,906,test/20906.png,0,0,0,0,0,0,0,0,0,,,,
TRI,image,907,test/20907.png,0,0,0,0,0,0,0,0,0,,,,
TRI,image,908,test/20908.png,0,0,0,0,0,0,0,0,0,,,,
TRI,image,909,test/20909.png,0,0,0,0,0,0,0,0,0,,,,
TRI,image,910,test/20910.png,0,0,0,0,0,0,0,0,0,,,,
TRI,image,911,test/20911.png,0,0,0,0,0,0,0,0,0,,,,
TRI,image,912,test/20912.png,768,764,763,1,0,763,4,0,0,0.9947916666666666,0.9934895833333334,0.0013020833333333333,0.0
TRI,image,913,test/20913.png,0,0,0,0,0,0,0,0,0,,,,
TRI,image,914,test/20914.png,0,0,0,0,0,0,0,0,0,,,,
TRI,image,915,test/20915.png,0,0,0,0,0,0,0,0,0,,,,
TRI,image,916,test/20916.png,0,0,0,0,0,0,0,0,0,,,,
TRI,image,917,test/20917.png,0,0,0,0,0,0,0,0,0,,,,
TRI,image,918,test/20918.png,0,0,0,0,0,0,0,0,0,,,,
TRI,image,919,test/20919.png,0,0,0,0,0,0,0,0,0,,,,
TRI,image,920,test/20920.png,0,0,0,0,0,0,0,0,0,,,,
TRI,image,921,test/20921.png,0,0,0,0,0,0,0,0,0,,,,
TRI,image,922,test/20922.png,2176,2124,2100,27,3,2097,49,0,0,0.9761029411764706,0.9650735294117647,0.012408088235294117,0.0013786764705882354
TRI,image,923,test/20923.png,0,0,0,0,0,0,0,0,0,,,,
TRI,image,924,test/20924.png,0,0,0,0,0,0,0,0,0,,,,
TRI,image,925,test/20925.png,0,0,0,0,0,0,0,0,0,,,,
TRI,image,926,test/20926.png,0,0,0,0,0,0,0,0,0,,,,
TRI,image,927,test/20927.png,0,0,0,0,0,0,0,0,0,,,,
TRI,image,928,test/20928.png,0,0,0,0,0,0,0,0,0,,,,
TRI,image,929,test/20929.png,0,0,0,0,0,0,0,0,0,,,,
TRI,image,930,test/20930.png,0,0,0,0,0,0,0,0,0,,,,
TRI,image,931,test/20931.png,0,0,0,0,0,0,0,0,0,,,,
TRI,image,932,test/20932.png,0,0,0,0,0,0,0,0,0,,,,
TRI,image,933,test/20933.png,0,0,0,0,0,0,0,0,0,,,,
TRI,image,934,test/20934.png,0,0,0,0,0,0,0,0,0,,,,
TRI,image,935,test/20935.png,0,0,0,0,0,0,0,0,0,,,,
TRI,image,936,test/20936.png,0,0,0,0,0,0,0,0,0,,,,
TRI,image,937,test/20937.png,0,0,0,0,0,0,0,0,0,,,,
TRI,image,938,test/20938.png,0,0,0,0,0,0,0,0,0,,,,
TRI,image,939,test/20939.png,0,0,0,0,0,0,0,0,0,,,,
TRI,image,940,test/20940.png,0,0,0,0,0,0,0,0,0,,,,
TRI,image,941,test/20941.png,1024,1024,1022,2,0,1022,0,0,0,1.0,0.998046875,0.001953125,0.0
TRI,image,942,test/20942.png,256,256,256,0,0,256,0,0,0,1.0,1.0,0.0,0.0
TRI,image,943,test/20943.png,0,0,0,0,0,0,0,0,0,,,,
TRI,image,944,test/20944.png,0,0,0,0,0,0,0,0,0,,,,
TRI,image,945,test/20945.png,0,0,0,0,0,0,0,0,0,,,,
TRI,image,946,test/20946.png,0,0,0,0,0,0,0,0,0,,,,
TRI,image,947,test/20947.png,0,0,0,0,0,0,0,0,0,,,,
TRI,image,948,test/20948.png,0,0,0,0,0,0,0,0,0,,,,
TRI,image,949,test/20949.png,0,0,0,0,0,0,0,0,0,,,,
TRI,image,950,test/20950.png,0,0,0,0,0,0,0,0,0,,,,
TRI,image,951,test/20951.png,0,0,0,0,0,0,0,0,0,,,,
TRI,image,952,test/20952.png,4096,3964,3942,27,5,3937,127,0,0,0.9677734375,0.96240234375,0.006591796875,0.001220703125
TRI,image,953,test/20953.png,0,0,0,0,0,0,0,0,0,,,,
TRI,image,954,test/20954.png,0,0,0,0,0,0,0,0,0,,,,
TRI,image,955,test/20955.png,0,0,0,0,0,0,0,0,0,,,,
TRI,image,956,test/20956.png,1152,1122,1111,14,3,1108,27,0,0,0.9739583333333334,0.9644097222222222,0.012152777777777778,0.0026041666666666665
TRI,image,957,test/20957.png,0,0,0,0,0,0,0,0,0,,,,
TRI,image,958,test/20958.png,0,0,0,0,0,0,0,0,0,,,,
TRI,image,959,test/20959.png,1152,1152,1152,0,0,1152,0,0,0,1.0,1.0,0.0,0.0
TRI,image,960,test/20960.png,0,0,0,0,0,0,0,0,0,,,,
TRI,image,961,test/20961.png,0,0,0,0,0,0,0,0,0,,,,
TRI,image,962,test/20962.png,0,0,0,0,0,0,0,0,0,,,,
TRI,image,963,test/20963.png,0,0,0,0,0,0,0,0,0,,,,
TRI,image,964,test/20964.png,0,0,0,0,0,0,0,0,0,,,,
TRI,image,965,test/20965.png,0,0,0,0,0,0,0,0,0,,,,
TRI,image,966,test/20966.png,0,0,0,0,0,0,0,0,0,,,,
TRI,image,967,test/20967.png,0,0,0,0,0,0,0,0,0,,,,
TRI,image,968,test/20968.png,0,0,0,0,0,0,0,0,0,,,,
TRI,image,969,test/20969.png,1920,1879,1863,20,4,1859,37,0,0,0.9786458333333333,0.9703125,0.010416666666666666,0.0020833333333333333
TRI,image,970,test/20970.png,0,0,0,0,0,0,0,0,0,,,,
TRI,image,971,test/20971.png,0,0,0,0,0,0,0,0,0,,,,
TRI,image,972,test/20972.png,0,0,0,0,0,0,0,0,0,,,,
TRI,image,973,test/20973.png,0,0,0,0,0,0,0,0,0,,,,
TRI,image,974,test/20974.png,0,0,0,0,0,0,0,0,0,,,,
TRI,image,975,test/20975.png,0,0,0,0,0,0,0,0,0,,,,
TRI,image,976,test/20976.png,0,0,0,0,0,0,0,0,0,,,,
TRI,image,977,test/20977.png,0,0,0,0,0,0,0,0,0,,,,
TRI,image,978,test/20978.png,0,0,0,0,0,0,0,0,0,,,,
TRI,image,979,test/20979.png,0,0,0,0,0,0,0,0,0,,,,
TRI,image,980,test/20980.png,0,0,0,0,0,0,0,0,0,,,,
TRI,image,981,test/20981.png,0,0,0,0,0,0,0,0,0,,,,
TRI,image,982,test/20982.png,0,0,0,0,0,0,0,0,0,,,,
TRI,image,983,test/20983.png,0,0,0,0,0,0,0,0,0,,,,
TRI,image,984,test/20984.png,0,0,0,0,0,0,0,0,0,,,,
TRI,image,985,test/20985.png,0,0,0,0,0,0,0,0,0,,,,
TRI,image,986,test/20986.png,0,0,0,0,0,0,0,0,0,,,,
TRI,image,987,test/20987.png,0,0,0,0,0,0,0,0,0,,,,
TRI,image,988,test/20988.png,0,0,0,0,0,0,0,0,0,,,,
TRI,image,989,test/20989.png,0,0,0,0,0,0,0,0,0,,,,
TRI,image,990,test/20990.png,0,0,0,0,0,0,0,0,0,,,,
TRI,image,991,test/20991.png,0,0,0,0,0,0,0,0,0,,,,
TRI,image,992,test/20992.png,0,0,0,0,0,0,0,0,0,,,,
TRI,image,993,test/20993.png,0,0,0,0,0,0,0,0,0,,,,
TRI,image,994,test/20994.png,0,0,0,0,0,0,0,0,0,,,,
TRI,image,995,test/20995.png,0,0,0,0,0,0,0,0,0,,,,
TRI,image,996,test/20996.png,0,0,0,0,0,0,0,0,0,,,,
TRI,image,997,test/20997.png,0,0,0,0,0,0,0,0,0,,,,
TRI,image,998,test/20998.png,0,0,0,0,0,0,0,0,0,,,,
TRI,image,999,test/20999.png,0,0,0,0,0,0,0,0,0,,,,
TRI,image,1000,test/21000.png,0,0,0,0,0,0,0,0,0,,,,
TRI,image,1001,test/21001.png,0,0,0,0,0,0,0,0,0,,,,
TRI,image,1002,test/21002.png,0,0,0,0,0,0,0,0,0,,,,
TRI,image,1003,test/21003.png,0,0,0,0,0,0,0,0,0,,,,
TRI,aggregate,-1,__ALL__,194240,188997,188747,1201,951,187796,4292,0,0,0.9730076194398682,0.9717205518945634,0.006183072487644151,0.004896004942339374
BAL,image,0,test/20000.png,0,0,0,0,0,0,0,0,0,,,,
BAL,image,1,test/20001.png,0,0,0,0,0,0,0,0,0,,,,
BAL,image,2,test/20002.png,0,0,0,0,0,0,0,0,0,,,,
BAL,image,3,test/20003.png,0,0,0,0,0,0,0,0,0,,,,
BAL,image,4,test/20004.png,0,0,0,0,0,0,0,0,0,,,,
BAL,image,5,test/20005.png,0,0,0,0,0,0,0,0,0,,,,
BAL,image,6,test/20006.png,0,0,0,0,0,0,0,0,0,,,,
BAL,image,7,test/20007.png,0,0,0,0,0,0,0,0,0,,,,
BAL,image,8,test/20008.png,0,0,0,0,0,0,0,0,0,,,,
BAL,image,9,test/20009.png,0,0,0,0,0,0,0,0,0,,,,
BAL,image,10,test/20010.png,0,0,0,0,0,0,0,0,0,,,,
BAL,image,11,test/20011.png,0,0,0,0,0,0,0,0,0,,,,
BAL,image,12,test/20012.png,0,0,0,0,0,0,0,0,0,,,,
BAL,image,13,test/20013.png,0,0,0,0,0,0,0,0,0,,,,
BAL,image,14,test/20014.png,0,0,0,0,0,0,0,0,0,,,,
BAL,image,15,test/20015.png,0,0,0,0,0,0,0,0,0,,,,
BAL,image,16,test/20016.png,0,0,0,0,0,0,0,0,0,,,,
BAL,image,17,test/20017.png,0,0,0,0,0,0,0,0,0,,,,
BAL,image,18,test/20018.png,0,0,0,0,0,0,0,0,0,,,,
BAL,image,19,test/20019.png,0,0,0,0,0,0,0,0,0,,,,
BAL,image,20,test/20020.png,0,0,0,0,0,0,0,0,0,,,,
BAL,image,21,test/20021.png,0,0,0,0,0,0,0,0,0,,,,
BAL,image,22,test/20022.png,0,0,0,0,0,0,0,0,0,,,,
BAL,image,23,test/20023.png,0,0,0,0,0,0,0,0,0,,,,
BAL,image,24,test/20024.png,0,0,0,0,0,0,0,0,0,,,,
BAL,image,25,test/20025.png,0,0,0,0,0,0,0,0,0,,,,
BAL,image,26,test/20026.png,0,0,0,0,0,0,0,0,0,,,,
BAL,image,27,test/20027.png,0,0,0,0,0,0,0,0,0,,,,
BAL,image,28,test/20028.png,0,0,0,0,0,0,0,0,0,,,,
BAL,image,29,test/20029.png,0,0,0,0,0,0,0,0,0,,,,
BAL,image,30,test/20030.png,0,0,0,0,0,0,0,0,0,,,,
BAL,image,31,test/20031.png,0,0,0,0,0,0,0,0,0,,,,
BAL,image,32,test/20032.png,0,0,0,0,0,0,0,0,0,,,,
BAL,image,33,test/20033.png,0,0,0,0,0,0,0,0,0,,,,
BAL,image,34,test/20034.png,0,0,0,0,0,0,0,0,0,,,,
BAL,image,35,test/20035.png,0,0,0,0,0,0,0,0,0,,,,
BAL,image,36,test/20036.png,0,0,0,0,0,0,0,0,0,,,,
BAL,image,37,test/20037.png,0,0,0,0,0,0,0,0,0,,,,
BAL,image,38,test/20038.png,0,0,0,0,0,0,0,0,0,,,,
BAL,image,39,test/20039.png,0,0,0,0,0,0,0,0,0,,,,
BAL,image,40,test/20040.png,0,0,0,0,0,0,0,0,0,,,,
BAL,image,41,test/20041.png,0,0,0,0,0,0,0,0,0,,,,
BAL,image,42,test/20042.png,2560,2560,2560,0,0,2560,0,0,0,1.0,1.0,0.0,0.0
BAL,image,43,test/20043.png,0,0,0,0,0,0,0,0,0,,,,
BAL,image,44,test/20044.png,0,0,0,0,0,0,0,0,0,,,,
BAL,image,45,test/20045.png,0,0,0,0,0,0,0,0,0,,,,
BAL,image,46,test/20046.png,0,0,0,0,0,0,0,0,0,,,,
BAL,image,47,test/20047.png,0,0,0,0,0,0,0,0,0,,,,
BAL,image,48,test/20048.png,0,0,0,0,0,0,0,0,0,,,,
BAL,image,49,test/20049.png,0,0,0,0,0,0,0,0,0,,,,
BAL,image,50,test/20050.png,0,0,0,0,0,0,0,0,0,,,,
BAL,image,51,test/20051.png,0,0,0,0,0,0,0,0,0,,,,
BAL,image,52,test/20052.png,0,0,0,0,0,0,0,0,0,,,,
BAL,image,53,test/20053.png,0,0,0,0,0,0,0,0,0,,,,
BAL,image,54,test/20054.png,0,0,0,0,0,0,0,0,0,,,,
BAL,image,55,test/20055.png,0,0,0,0,0,0,0,0,0,,,,
BAL,image,56,test/20056.png,832,828,831,0,3,828,1,0,0,0.9951923076923077,0.9987980769230769,0.0,0.003605769230769231
BAL,image,57,test/20057.png,0,0,0,0,0,0,0,0,0,,,,
BAL,image,58,test/20058.png,0,0,0,0,0,0,0,0,0,,,,
BAL,image,59,test/20059.png,0,0,0,0,0,0,0,0,0,,,,
BAL,image,60,test/20060.png,0,0,0,0,0,0,0,0,0,,,,
BAL,image,61,test/20061.png,0,0,0,0,0,0,0,0,0,,,,
BAL,image,62,test/20062.png,0,0,0,0,0,0,0,0,0,,,,
BAL,image,63,test/20063.png,0,0,0,0,0,0,0,0,0,,,,
BAL,image,64,test/20064.png,0,0,0,0,0,0,0,0,0,,,,
BAL,image,65,test/20065.png,0,0,0,0,0,0,0,0,0,,,,
BAL,image,66,test/20066.png,0,0,0,0,0,0,0,0,0,,,,
BAL,image,67,test/20067.png,0,0,0,0,0,0,0,0,0,,,,
BAL,image,68,test/20068.png,1216,1205,1205,0,0,1205,11,0,0,0.990953947368421,0.990953947368421,0.0,0.0
BAL,image,69,test/20069.png,0,0,0,0,0,0,0,0,0,,,,
BAL,image,70,test/20070.png,0,0,0,0,0,0,0,0,0,,,,
BAL,image,71,test/20071.png,0,0,0,0,0,0,0,0,0,,,,
BAL,image,72,test/20072.png,0,0,0,0,0,0,0,0,0,,,,
BAL,image,73,test/20073.png,0,0,0,0,0,0,0,0,0,,,,
BAL,image,74,test/20074.png,0,0,0,0,0,0,0,0,0,,,,
BAL,image,75,test/20075.png,0,0,0,0,0,0,0,0,0,,,,
BAL,image,76,test/20076.png,0,0,0,0,0,0,0,0,0,,,,
BAL,image,77,test/20077.png,0,0,0,0,0,0,0,0,0,,,,
BAL,image,78,test/20078.png,0,0,0,0,0,0,0,0,0,,,,
BAL,image,79,test/20079.png,0,0,0,0,0,0,0,0,0,,,,
BAL,image,80,test/20080.png,0,0,0,0,0,0,0,0,0,,,,
BAL,image,81,test/20081.png,0,0,0,0,0,0,0,0,0,,,,
BAL,image,82,test/20082.png,0,0,0,0,0,0,0,0,0,,,,
BAL,image,83,test/20083.png,0,0,0,0,0,0,0,0,0,,,,
BAL,image,84,test/20084.png,2368,2342,2300,42,0,2300,26,0,0,0.9890202702702703,0.9712837837837838,0.017736486486486486,0.0
BAL,image,85,test/20085.png,0,0,0,0,0,0,0,0,0,,,,
BAL,image,86,test/20086.png,0,0,0,0,0,0,0,0,0,,,,
BAL,image,87,test/20087.png,0,0,0,0,0,0,0,0,0,,,,
BAL,image,88,test/20088.png,0,0,0,0,0,0,0,0,0,,,,
BAL,image,89,test/20089.png,0,0,0,0,0,0,0,0,0,,,,
BAL,image,90,test/20090.png,0,0,0,0,0,0,0,0,0,,,,
BAL,image,91,test/20091.png,0,0,0,0,0,0,0,0,0,,,,
BAL,image,92,test/20092.png,0,0,0,0,0,0,0,0,0,,,,
BAL,image,93,test/20093.png,0,0,0,0,0,0,0,0,0,,,,
BAL,image,94,test/20094.png,0,0,0,0,0,0,0,0,0,,,,
BAL,image,95,test/20095.png,2176,2150,2144,11,5,2139,21,0,0,0.9880514705882353,0.9852941176470589,0.00505514705882353,0.002297794117647059
BAL,image,96,test/20096.png,0,0,0,0,0,0,0,0,0,,,,
BAL,image,97,test/20097.png,0,0,0,0,0,0,0,0,0,,,,
BAL,image,98,test/20098.png,0,0,0,0,0,0,0,0,0,,,,
BAL,image,99,test/20099.png,1728,1722,1721,2,1,1720,5,0,0,0.9965277777777778,0.9959490740740741,0.0011574074074074073,0.0005787037037037037
BAL,image,100,test/20100.png,0,0,0,0,0,0,0,0,0,,,,
BAL,image,101,test/20101.png,0,0,0,0,0,0,0,0,0,,,,
BAL,image,102,test/20102.png,0,0,0,0,0,0,0,0,0,,,,
BAL,image,103,test/20103.png,0,0,0,0,0,0,0,0,0,,,,
BAL,image,104,test/20104.png,0,0,0,0,0,0,0,0,0,,,,
BAL,image,105,test/20105.png,0,0,0,0,0,0,0,0,0,,,,
BAL,image,106,test/20106.png,0,0,0,0,0,0,0,0,0,,,,
BAL,image,107,test/20107.png,0,0,0,0,0,0,0,0,0,,,,
BAL,image,108,test/20108.png,0,0,0,0,0,0,0,0,0,,,,
BAL,image,109,test/20109.png,0,0,0,0,0,0,0,0,0,,,,
BAL,image,110,test/20110.png,0,0,0,0,0,0,0,0,0,,,,
BAL,image,111,test/20111.png,0,0,0,0,0,0,0,0,0,,,,
BAL,image,112,test/20112.png,0,0,0,0,0,0,0,0,0,,,,
BAL,image,113,test/20113.png,0,0,0,0,0,0,0,0,0,,,,
BAL,image,114,test/20114.png,0,0,0,0,0,0,0,0,0,,,,
BAL,image,115,test/20115.png,0,0,0,0,0,0,0,0,0,,,,
BAL,image,116,test/20116.png,0,0,0,0,0,0,0,0,0,,,,
BAL,image,117,test/20117.png,2048,2013,2008,6,1,2007,34,0,0,0.98291015625,0.98046875,0.0029296875,0.00048828125
BAL,image,118,test/20118.png,2368,2256,2255,27,26,2229,86,0,0,0.9527027027027027,0.9522804054054054,0.011402027027027027,0.01097972972972973
BAL,image,119,test/20119.png,0,0,0,0,0,0,0,0,0,,,,
BAL,image,120,test/20120.png,0,0,0,0,0,0,0,0,0,,,,
BAL,image,121,test/20121.png,3136,3128,3121,9,2,3119,6,0,0,0.9974489795918368,0.9952168367346939,0.0028698979591836736,0.0006377551020408163
BAL,image,122,test/20122.png,0,0,0,0,0,0,0,0,0,,,,
BAL,image,123,test/20123.png,0,0,0,0,0,0,0,0,0,,,,
BAL,image,124,test/20124.png,0,0,0,0,0,0,0,0,0,,,,
BAL,image,125,test/20125.png,1152,1152,1152,0,0,1152,0,0,0,1.0,1.0,0.0,0.0
BAL,image,126,test/20126.png,0,0,0,0,0,0,0,0,0,,,,
BAL,image,127,test/20127.png,0,0,0,0,0,0,0,0,0,,,,
BAL,image,128,test/20128.png,0,0,0,0,0,0,0,0,0,,,,
BAL,image,129,test/20129.png,1152,1150,1150,0,0,1150,2,0,0,0.9982638888888888,0.9982638888888888,0.0,0.0
BAL,image,130,test/20130.png,960,959,960,0,1,959,0,0,0,0.9989583333333333,1.0,0.0,0.0010416666666666667
BAL,image,131,test/20131.png,0,0,0,0,0,0,0,0,0,,,,
BAL,image,132,test/20132.png,0,0,0,0,0,0,0,0,0,,,,
BAL,image,133,test/20133.png,0,0,0,0,0,0,0,0,0,,,,
BAL,image,134,test/20134.png,0,0,0,0,0,0,0,0,0,,,,
BAL,image,135,test/20135.png,0,0,0,0,0,0,0,0,0,,,,
BAL,image,136,test/20136.png,0,0,0,0,0,0,0,0,0,,,,
BAL,image,137,test/20137.png,0,0,0,0,0,0,0,0,0,,,,
BAL,image,138,test/20138.png,0,0,0,0,0,0,0,0,0,,,,
BAL,image,139,test/20139.png,384,336,308,28,0,308,48,0,0,0.875,0.8020833333333334,0.07291666666666667,0.0
BAL,image,140,test/20140.png,0,0,0,0,0,0,0,0,0,,,,
BAL,image,141,test/20141.png,1856,1818,1825,10,17,1808,21,0,0,0.9795258620689655,0.9832974137931034,0.005387931034482759,0.009159482758620689
BAL,image,142,test/20142.png,896,870,882,5,17,865,9,0,0,0.9709821428571429,0.984375,0.005580357142857143,0.018973214285714284
BAL,image,143,test/20143.png,0,0,0,0,0,0,0,0,0,,,,
BAL,image,144,test/20144.png,0,0,0,0,0,0,0,0,0,,,,
BAL,image,145,test/20145.png,0,0,0,0,0,0,0,0,0,,,,
BAL,image,146,test/20146.png,0,0,0,0,0,0,0,0,0,,,,
BAL,image,147,test/20147.png,0,0,0,0,0,0,0,0,0,,,,
BAL,image,148,test/20148.png,0,0,0,0,0,0,0,0,0,,,,
BAL,image,149,test/20149.png,0,0,0,0,0,0,0,0,0,,,,
BAL,image,150,test/20150.png,0,0,0,0,0,0,0,0,0,,,,
BAL,image,151,test/20151.png,0,0,0,0,0,0,0,0,0,,,,
BAL,image,152,test/20152.png,0,0,0,0,0,0,0,0,0,,,,
BAL,image,153,test/20153.png,0,0,0,0,0,0,0,0,0,,,,
BAL,image,154,test/20154.png,0,0,0,0,0,0,0,0,0,,,,
BAL,image,155,test/20155.png,768,750,750,4,4,746,14,0,0,0.9765625,0.9765625,0.005208333333333333,0.005208333333333333
BAL,image,156,test/20156.png,0,0,0,0,0,0,0,0,0,,,,
BAL,image,157,test/20157.png,0,0,0,0,0,0,0,0,0,,,,
BAL,image,158,test/20158.png,4096,4054,4051,5,2,4049,40,0,0,0.98974609375,0.989013671875,0.001220703125,0.00048828125
BAL,image,159,test/20159.png,832,810,812,3,5,807,17,0,0,0.9735576923076923,0.9759615384615384,0.003605769230769231,0.006009615384615385
BAL,image,160,test/20160.png,0,0,0,0,0,0,0,0,0,,,,
BAL,image,161,test/20161.png,0,0,0,0,0,0,0,0,0,,,,
BAL,image,162,test/20162.png,0,0,0,0,0,0,0,0,0,,,,
BAL,image,163,test/20163.png,0,0,0,0,0,0,0,0,0,,,,
BAL,image,164,test/20164.png,0,0,0,0,0,0,0,0,0,,,,
BAL,image,165,test/20165.png,0,0,0,0,0,0,0,0,0,,,,
BAL,image,166,test/20166.png,0,0,0,0,0,0,0,0,0,,,,
BAL,image,167,test/20167.png,0,0,0,0,0,0,0,0,0,,,,
BAL,image,168,test/20168.png,0,0,0,0,0,0,0,0,0,,,,
BAL,image,169,test/20169.png,0,0,0,0,0,0,0,0,0,,,,
BAL,image,170,test/20170.png,0,0,0,0,0,0,0,0,0,,,,
BAL,image,171,test/20171.png,0,0,0,0,0,0,0,0,0,,,,
BAL,image,172,test/20172.png,1344,1344,1343,1,0,1343,0,0,0,1.0,0.9992559523809523,0.000744047619047619,0.0
BAL,image,173,test/20173.png,0,0,0,0,0,0,0,0,0,,,,
BAL,image,174,test/20174.png,0,0,0,0,0,0,0,0,0,,,,
BAL,image,175,test/20175.png,704,702,704,0,2,702,0,0,0,0.9971590909090909,1.0,0.0,0.002840909090909091
BAL,image,176,test/20176.png,0,0,0,0,0,0,0,0,0,,,,
BAL,image,177,test/20177.png,640,597,592,6,1,591,42,0,0,0.9328125,0.925,0.009375,0.0015625
BAL,image,178,test/20178.png,0,0,0,0,0,0,0,0,0,,,,
BAL,image,179,test/20179.png,0,0,0,0,0,0,0,0,0,,,,
BAL,image,180,test/20180.png,0,0,0,0,0,0,0,0,0,,,,
BAL,image,181,test/20181.png,0,0,0,0,0,0,0,0,0,,,,
BAL,image,182,test/20182.png,0,0,0,0,0,0,0,0,0,,,,
BAL,image,183,test/20183.png,0,0,0,0,0,0,0,0,0,,,,
BAL,image,184,test/20184.png,0,0,0,0,0,0,0,0,0,,,,
BAL,image,185,test/20185.png,0,0,0,0,0,0,0,0,0,,,,
BAL,image,186,test/20186.png,0,0,0,0,0,0,0,0,0,,,,
BAL,image,187,test/20187.png,0,0,0,0,0,0,0,0,0,,,,
BAL,image,188,test/20188.png,0,0,0,0,0,0,0,0,0,,,,
BAL,image,189,test/20189.png,0,0,0,0,0,0,0,0,0,,,,
BAL,image,190,test/20190.png,2304,2304,2304,0,0,2304,0,0,0,1.0,1.0,0.0,0.0
BAL,image,191,test/20191.png,0,0,0,0,0,0,0,0,0,,,,
BAL,image,192,test/20192.png,0,0,0,0,0,0,0,0,0,,,,
BAL,image,193,test/20193.png,4096,3909,3914,37,42,3872,145,0,0,0.954345703125,0.95556640625,0.009033203125,0.01025390625
BAL,image,194,test/20194.png,0,0,0,0,0,0,0,0,0,,,,
BAL,image,195,test/20195.png,0,0,0,0,0,0,0,0,0,,,,
BAL,image,196,test/20196.png,0,0,0,0,0,0,0,0,0,,,,
BAL,image,197,test/20197.png,0,0,0,0,0,0,0,0,0,,,,
BAL,image,198,test/20198.png,0,0,0,0,0,0,0,0,0,,,,
BAL,image,199,test/20199.png,0,0,0,0,0,0,0,0,0,,,,
BAL,image,200,test/20200.png,0,0,0,0,0,0,0,0,0,,,,
BAL,image,201,test/20201.png,0,0,0,0,0,0,0,0,0,,,,
BAL,image,202,test/20202.png,0,0,0,0,0,0,0,0,0,,,,
BAL,image,203,test/20203.png,0,0,0,0,0,0,0,0,0,,,,
BAL,image,204,test/20204.png,1920,1919,1919,0,0,1919,1,0,0,0.9994791666666667,0.9994791666666667,0.0,0.0
BAL,image,205,test/20205.png,0,0,0,0,0,0,0,0,0,,,,
BAL,image,206,test/20206.png,0,0,0,0,0,0,0,0,0,,,,
BAL,image,207,test/20207.png,0,0,0,0,0,0,0,0,0,,,,
BAL,image,208,test/20208.png,0,0,0,0,0,0,0,0,0,,,,
BAL,image,209,test/20209.png,4096,4046,4032,24,10,4022,40,0,0,0.98779296875,0.984375,0.005859375,0.00244140625
BAL,image,210,test/20210.png,0,0,0,0,0,0,0,0,0,,,,
BAL,image,211,test/20211.png,0,0,0,0,0,0,0,0,0,,,,
BAL,image,212,test/20212.png,0,0,0,0,0,0,0,0,0,,,,
BAL,image,213,test/20213.png,0,0,0,0,0,0,0,0,0,,,,
BAL,image,214,test/20214.png,0,0,0,0,0,0,0,0,0,,,,
BAL,image,215,test/20215.png,0,0,0,0,0,0,0,0,0,,,,
BAL,image,216,test/20216.png,0,0,0,0,0,0,0,0,0,,,,
BAL,image,217,test/20217.png,1408,1406,1405,2,1,1404,1,0,0,0.9985795454545454,0.9978693181818182,0.0014204545454545455,0.0007102272727272727
BAL,image,218,test/20218.png,0,0,0,0,0,0,0,0,0,,,,
BAL,image,219,test/20219.png,0,0,0,0,0,0,0,0,0,,,,
BAL,image,220,test/20220.png,0,0,0,0,0,0,0,0,0,,,,
BAL,image,221,test/20221.png,0,0,0,0,0,0,0,0,0,,,,
BAL,image,222,test/20222.png,0,0,0,0,0,0,0,0,0,,,,
BAL,image,223,test/20223.png,0,0,0,0,0,0,0,0,0,,,,
BAL,image,224,test/20224.png,0,0,0,0,0,0,0,0,0,,,,
BAL,image,225,test/20225.png,0,0,0,0,0,0,0,0,0,,,,
BAL,image,226,test/20226.png,0,0,0,0,0,0,0,0,0,,,,
BAL,image,227,test/20227.png,0,0,0,0,0,0,0,0,0,,,,
BAL,image,228,test/20228.png,128,57,102,8,53,49,18,0,0,0.4453125,0.796875,0.0625,0.4140625
BAL,image,229,test/20229.png,0,0,0,0,0,0,0,0,0,,,,
BAL,image,230,test/20230.png,0,0,0,0,0,0,0,0,0,,,,
BAL,image,231,test/20231.png,320,319,318,1,0,318,1,0,0,0.996875,0.99375,0.003125,0.0
BAL,image,232,test/20232.png,0,0,0,0,0,0,0,0,0,,,,
BAL,image,233,test/20233.png,0,0,0,0,0,0,0,0,0,,,,
BAL,image,234,test/20234.png,0,0,0,0,0,0,0,0,0,,,,
BAL,image,235,test/20235.png,0,0,0,0,0,0,0,0,0,,,,
BAL,image,236,test/20236.png,384,266,315,3,52,263,66,0,0,0.6927083333333334,0.8203125,0.0078125,0.13541666666666666
BAL,image,237,test/20237.png,0,0,0,0,0,0,0,0,0,,,,
BAL,image,238,test/20238.png,0,0,0,0,0,0,0,0,0,,,,
BAL,image,239,test/20239.png,0,0,0,0,0,0,0,0,0,,,,
BAL,image,240,test/20240.png,0,0,0,0,0,0,0,0,0,,,,
BAL,image,241,test/20241.png,0,0,0,0,0,0,0,0,0,,,,
BAL,image,242,test/20242.png,0,0,0,0,0,0,0,0,0,,,,
BAL,image,243,test/20243.png,0,0,0,0,0,0,0,0,0,,,,
BAL,image,244,test/20244.png,0,0,0,0,0,0,0,0,0,,,,
BAL,image,245,test/20245.png,0,0,0,0,0,0,0,0,0,,,,
BAL,image,246,test/20246.png,832,832,832,0,0,832,0,0,0,1.0,1.0,0.0,0.0
BAL,image,247,test/20247.png,0,0,0,0,0,0,0,0,0,,,,
BAL,image,248,test/20248.png,0,0,0,0,0,0,0,0,0,,,,
BAL,image,249,test/20249.png,0,0,0,0,0,0,0,0,0,,,,
BAL,image,250,test/20250.png,0,0,0,0,0,0,0,0,0,,,,
BAL,image,251,test/20251.png,0,0,0,0,0,0,0,0,0,,,,
BAL,image,252,test/20252.png,0,0,0,0,0,0,0,0,0,,,,
BAL,image,253,test/20253.png,0,0,0,0,0,0,0,0,0,,,,
BAL,image,254,test/20254.png,0,0,0,0,0,0,0,0,0,,,,
BAL,image,255,test/20255.png,0,0,0,0,0,0,0,0,0,,,,
BAL,image,256,test/20256.png,0,0,0,0,0,0,0,0,0,,,,
BAL,image,257,test/20257.png,0,0,0,0,0,0,0,0,0,,,,
BAL,image,258,test/20258.png,0,0,0,0,0,0,0,0,0,,,,
BAL,image,259,test/20259.png,448,441,431,11,1,430,6,0,0,0.984375,0.9620535714285714,0.024553571428571428,0.002232142857142857
BAL,image,260,test/20260.png,0,0,0,0,0,0,0,0,0,,,,
BAL,image,261,test/20261.png,0,0,0,0,0,0,0,0,0,,,,
BAL,image,262,test/20262.png,0,0,0,0,0,0,0,0,0,,,,
BAL,image,263,test/20263.png,0,0,0,0,0,0,0,0,0,,,,
BAL,image,264,test/20264.png,1920,1916,1913,4,1,1912,3,0,0,0.9979166666666667,0.9963541666666667,0.0020833333333333333,0.0005208333333333333
BAL,image,265,test/20265.png,0,0,0,0,0,0,0,0,0,,,,
BAL,image,266,test/20266.png,0,0,0,0,0,0,0,0,0,,,,
BAL,image,267,test/20267.png,0,0,0,0,0,0,0,0,0,,,,
BAL,image,268,test/20268.png,0,0,0,0,0,0,0,0,0,,,,
BAL,image,269,test/20269.png,0,0,0,0,0,0,0,0,0,,,,
BAL,image,270,test/20270.png,0,0,0,0,0,0,0,0,0,,,,
BAL,image,271,test/20271.png,0,0,0,0,0,0,0,0,0,,,,
BAL,image,272,test/20272.png,0,0,0,0,0,0,0,0,0,,,,
BAL,image,273,test/20273.png,0,0,0,0,0,0,0,0,0,,,,
BAL,image,274,test/20274.png,0,0,0,0,0,0,0,0,0,,,,
BAL,image,275,test/20275.png,192,192,192,0,0,192,0,0,0,1.0,1.0,0.0,0.0
BAL,image,276,test/20276.png,0,0,0,0,0,0,0,0,0,,,,
BAL,image,277,test/20277.png,0,0,0,0,0,0,0,0,0,,,,
BAL,image,278,test/20278.png,0,0,0,0,0,0,0,0,0,,,,
BAL,image,279,test/20279.png,0,0,0,0,0,0,0,0,0,,,,
BAL,image,280,test/20280.png,0,0,0,0,0,0,0,0,0,,,,
BAL,image,281,test/20281.png,1216,1095,1117,24,46,1071,75,0,0,0.9004934210526315,0.9185855263157895,0.019736842105263157,0.03782894736842105
BAL,image,282,test/20282.png,0,0,0,0,0,0,0,0,0,,,,
BAL,image,283,test/20283.png,0,0,0,0,0,0,0,0,0,,,,
BAL,image,284,test/20284.png,0,0,0,0,0,0,0,0,0,,,,
BAL,image,285,test/20285.png,0,0,0,0,0,0,0,0,0,,,,
BAL,image,286,test/20286.png,0,0,0,0,0,0,0,0,0,,,,
BAL,image,287,test/20287.png,0,0,0,0,0,0,0,0,0,,,,
BAL,image,288,test/20288.png,0,0,0,0,0,0,0,0,0,,,,
BAL,image,289,test/20289.png,0,0,0,0,0,0,0,0,0,,,,
BAL,image,290,test/20290.png,0,0,0,0,0,0,0,0,0,,,,
BAL,image,291,test/20291.png,0,0,0,0,0,0,0,0,0,,,,
BAL,image,292,test/20292.png,0,0,0,0,0,0,0,0,0,,,,
BAL,image,293,test/20293.png,0,0,0,0,0,0,0,0,0,,,,
BAL,image,294,test/20294.png,0,0,0,0,0,0,0,0,0,,,,
BAL,image,295,test/20295.png,832,829,821,8,0,821,3,0,0,0.9963942307692307,0.9867788461538461,0.009615384615384616,0.0
BAL,image,296,test/20296.png,0,0,0,0,0,0,0,0,0,,,,
BAL,image,297,test/20297.png,256,252,235,18,1,234,3,0,0,0.984375,0.91796875,0.0703125,0.00390625
BAL,image,298,test/20298.png,0,0,0,0,0,0,0,0,0,,,,
BAL,image,299,test/20299.png,0,0,0,0,0,0,0,0,0,,,,
BAL,image,300,test/20300.png,0,0,0,0,0,0,0,0,0,,,,
BAL,image,301,test/20301.png,0,0,0,0,0,0,0,0,0,,,,
BAL,image,302,test/20302.png,0,0,0,0,0,0,0,0,0,,,,
BAL,image,303,test/20303.png,0,0,0,0,0,0,0,0,0,,,,
BAL,image,304,test/20304.png,0,0,0,0,0,0,0,0,0,,,,
BAL,image,305,test/20305.png,0,0,0,0,0,0,0,0,0,,,,
BAL,image,306,test/20306.png,0,0,0,0,0,0,0,0,0,,,,
BAL,image,307,test/20307.png,0,0,0,0,0,0,0,0,0,,,,
BAL,image,308,test/20308.png,0,0,0,0,0,0,0,0,0,,,,
BAL,image,309,test/20309.png,0,0,0,0,0,0,0,0,0,,,,
BAL,image,310,test/20310.png,0,0,0,0,0,0,0,0,0,,,,
BAL,image,311,test/20311.png,0,0,0,0,0,0,0,0,0,,,,
BAL,image,312,test/20312.png,0,0,0,0,0,0,0,0,0,,,,
BAL,image,313,test/20313.png,0,0,0,0,0,0,0,0,0,,,,
BAL,image,314,test/20314.png,0,0,0,0,0,0,0,0,0,,,,
BAL,image,315,test/20315.png,0,0,0,0,0,0,0,0,0,,,,
BAL,image,316,test/20316.png,0,0,0,0,0,0,0,0,0,,,,
BAL,image,317,test/20317.png,0,0,0,0,0,0,0,0,0,,,,
BAL,image,318,test/20318.png,0,0,0,0,0,0,0,0,0,,,,
BAL,image,319,test/20319.png,576,576,575,1,0,575,0,0,0,1.0,0.9982638888888888,0.001736111111111111,0.0
BAL,image,320,test/20320.png,0,0,0,0,0,0,0,0,0,,,,
BAL,image,321,test/20321.png,0,0,0,0,0,0,0,0,0,,,,
BAL,image,322,test/20322.png,0,0,0,0,0,0,0,0,0,,,,
BAL,image,323,test/20323.png,0,0,0,0,0,0,0,0,0,,,,
BAL,image,324,test/20324.png,0,0,0,0,0,0,0,0,0,,,,
BAL,image,325,test/20325.png,0,0,0,0,0,0,0,0,0,,,,
BAL,image,326,test/20326.png,0,0,0,0,0,0,0,0,0,,,,
BAL,image,327,test/20327.png,0,0,0,0,0,0,0,0,0,,,,
BAL,image,328,test/20328.png,0,0,0,0,0,0,0,0,0,,,,
BAL,image,329,test/20329.png,0,0,0,0,0,0,0,0,0,,,,
BAL,image,330,test/20330.png,0,0,0,0,0,0,0,0,0,,,,
BAL,image,331,test/20331.png,0,0,0,0,0,0,0,0,0,,,,
BAL,image,332,test/20332.png,0,0,0,0,0,0,0,0,0,,,,
BAL,image,333,test/20333.png,0,0,0,0,0,0,0,0,0,,,,
BAL,image,334,test/20334.png,2944,2907,2887,21,1,2886,36,0,0,0.9874320652173914,0.9806385869565217,0.007133152173913043,0.00033967391304347825
BAL,image,335,test/20335.png,0,0,0,0,0,0,0,0,0,,,,
BAL,image,336,test/20336.png,0,0,0,0,0,0,0,0,0,,,,
BAL,image,337,test/20337.png,0,0,0,0,0,0,0,0,0,,,,
BAL,image,338,test/20338.png,0,0,0,0,0,0,0,0,0,,,,
BAL,image,339,test/20339.png,0,0,0,0,0,0,0,0,0,,,,
BAL,image,340,test/20340.png,0,0,0,0,0,0,0,0,0,,,,
BAL,image,341,test/20341.png,0,0,0,0,0,0,0,0,0,,,,
BAL,image,342,test/20342.png,0,0,0,0,0,0,0,0,0,,,,
BAL,image,343,test/20343.png,0,0,0,0,0,0,0,0,0,,,,
BAL,image,344,test/20344.png,0,0,0,0,0,0,0,0,0,,,,
BAL,image,345,test/20345.png,0,0,0,0,0,0,0,0,0,,,,
BAL,image,346,test/20346.png,0,0,0,0,0,0,0,0,0,,,,
BAL,image,347,test/20347.png,0,0,0,0,0,0,0,0,0,,,,
BAL,image,348,test/20348.png,0,0,0,0,0,0,0,0,0,,,,
BAL,image,349,test/20349.png,0,0,0,0,0,0,0,0,0,,,,
BAL,image,350,test/20350.png,0,0,0,0,0,0,0,0,0,,,,
BAL,image,351,test/20351.png,0,0,0,0,0,0,0,0,0,,,,
BAL,image,352,test/20352.png,0,0,0,0,0,0,0,0,0,,,,
BAL,image,353,test/20353.png,0,0,0,0,0,0,0,0,0,,,,
BAL,image,354,test/20354.png,0,0,0,0,0,0,0,0,0,,,,
BAL,image,355,test/20355.png,0,0,0,0,0,0,0,0,0,,,,
BAL,image,356,test/20356.png,0,0,0,0,0,0,0,0,0,,,,
BAL,image,357,test/20357.png,0,0,0,0,0,0,0,0,0,,,,
BAL,image,358,test/20358.png,0,0,0,0,0,0,0,0,0,,,,
BAL,image,359,test/20359.png,0,0,0,0,0,0,0,0,0,,,,
BAL,image,360,test/20360.png,0,0,0,0,0,0,0,0,0,,,,
BAL,image,361,test/20361.png,0,0,0,0,0,0,0,0,0,,,,
BAL,image,362,test/20362.png,0,0,0,0,0,0,0,0,0,,,,
BAL,image,363,test/20363.png,0,0,0,0,0,0,0,0,0,,,,
BAL,image,364,test/20364.png,0,0,0,0,0,0,0,0,0,,,,
BAL,image,365,test/20365.png,0,0,0,0,0,0,0,0,0,,,,
BAL,image,366,test/20366.png,0,0,0,0,0,0,0,0,0,,,,
BAL,image,367,test/20367.png,0,0,0,0,0,0,0,0,0,,,,
BAL,image,368,test/20368.png,0,0,0,0,0,0,0,0,0,,,,
BAL,image,369,test/20369.png,0,0,0,0,0,0,0,0,0,,,,
BAL,image,370,test/20370.png,0,0,0,0,0,0,0,0,0,,,,
BAL,image,371,test/20371.png,0,0,0,0,0,0,0,0,0,,,,
BAL,image,372,test/20372.png,0,0,0,0,0,0,0,0,0,,,,
BAL,image,373,test/20373.png,0,0,0,0,0,0,0,0,0,,,,
BAL,image,374,test/20374.png,0,0,0,0,0,0,0,0,0,,,,
BAL,image,375,test/20375.png,0,0,0,0,0,0,0,0,0,,,,
BAL,image,376,test/20376.png,0,0,0,0,0,0,0,0,0,,,,
BAL,image,377,test/20377.png,0,0,0,0,0,0,0,0,0,,,,
BAL,image,378,test/20378.png,1472,1472,1472,0,0,1472,0,0,0,1.0,1.0,0.0,0.0
BAL,image,379,test/20379.png,0,0,0,0,0,0,0,0,0,,,,
BAL,image,380,test/20380.png,0,0,0,0,0,0,0,0,0,,,,
BAL,image,381,test/20381.png,0,0,0,0,0,0,0,0,0,,,,
BAL,image,382,test/20382.png,0,0,0,0,0,0,0,0,0,,,,
BAL,image,383,test/20383.png,0,0,0,0,0,0,0,0,0,,,,
BAL,image,384,test/20384.png,0,0,0,0,0,0,0,0,0,,,,
BAL,image,385,test/20385.png,0,0,0,0,0,0,0,0,0,,,,
BAL,image,386,test/20386.png,0,0,0,0,0,0,0,0,0,,,,
BAL,image,387,test/20387.png,0,0,0,0,0,0,0,0,0,,,,
BAL,image,388,test/20388.png,0,0,0,0,0,0,0,0,0,,,,
BAL,image,389,test/20389.png,0,0,0,0,0,0,0,0,0,,,,
BAL,image,390,test/20390.png,0,0,0,0,0,0,0,0,0,,,,
BAL,image,391,test/20391.png,0,0,0,0,0,0,0,0,0,,,,
BAL,image,392,test/20392.png,4096,4030,4032,9,11,4021,55,0,0,0.98388671875,0.984375,0.002197265625,0.002685546875
BAL,image,393,test/20393.png,0,0,0,0,0,0,0,0,0,,,,
BAL,image,394,test/20394.png,0,0,0,0,0,0,0,0,0,,,,
BAL,image,395,test/20395.png,0,0,0,0,0,0,0,0,0,,,,
BAL,image,396,test/20396.png,0,0,0,0,0,0,0,0,0,,,,
BAL,image,397,test/20397.png,0,0,0,0,0,0,0,0,0,,,,
BAL,image,398,test/20398.png,0,0,0,0,0,0,0,0,0,,,,
BAL,image,399,test/20399.png,0,0,0,0,0,0,0,0,0,,,,
BAL,image,400,test/20400.png,0,0,0,0,0,0,0,0,0,,,,
BAL,image,401,test/20401.png,0,0,0,0,0,0,0,0,0,,,,
BAL,image,402,test/20402.png,0,0,0,0,0,0,0,0,0,,,,
BAL,image,403,test/20403.png,4096,3997,3963,41,7,3956,92,0,0,0.975830078125,0.967529296875,0.010009765625,0.001708984375
BAL,image,404,test/20404.png,0,0,0,0,0,0,0,0,0,,,,
BAL,image,405,test/20405.png,0,0,0,0,0,0,0,0,0,,,,
BAL,image,406,test/20406.png,0,0,0,0,0,0,0,0,0,,,,
BAL,image,407,test/20407.png,0,0,0,0,0,0,0,0,0,,,,
BAL,image,408,test/20408.png,0,0,0,0,0,0,0,0,0,,,,
BAL,image,409,test/20409.png,0,0,0,0,0,0,0,0,0,,,,
BAL,image,410,test/20410.png,0,0,0,0,0,0,0,0,0,,,,
BAL,image,411,test/20411.png,0,0,0,0,0,0,0,0,0,,,,
BAL,image,412,test/20412.png,0,0,0,0,0,0,0,0,0,,,,
BAL,image,413,test/20413.png,0,0,0,0,0,0,0,0,0,,,,
BAL,image,414,test/20414.png,0,0,0,0,0,0,0,0,0,,,,
BAL,image,415,test/20415.png,0,0,0,0,0,0,0,0,0,,,,
BAL,image,416,test/20416.png,4096,4062,4067,3,8,4059,26,0,0,0.99169921875,0.992919921875,0.000732421875,0.001953125
BAL,image,417,test/20417.png,0,0,0,0,0,0,0,0,0,,,,
BAL,image,418,test/20418.png,0,0,0,0,0,0,0,0,0,,,,
BAL,image,419,test/20419.png,0,0,0,0,0,0,0,0,0,,,,
BAL,image,420,test/20420.png,0,0,0,0,0,0,0,0,0,,,,
BAL,image,421,test/20421.png,0,0,0,0,0,0,0,0,0,,,,
BAL,image,422,test/20422.png,0,0,0,0,0,0,0,0,0,,,,
BAL,image,423,test/20423.png,0,0,0,0,0,0,0,0,0,,,,
BAL,image,424,test/20424.png,0,0,0,0,0,0,0,0,0,,,,
BAL,image,425,test/20425.png,0,0,0,0,0,0,0,0,0,,,,
BAL,image,426,test/20426.png,448,447,447,0,0,447,1,0,0,0.9977678571428571,0.9977678571428571,0.0,0.0
BAL,image,427,test/20427.png,0,0,0,0,0,0,0,0,0,,,,
BAL,image,428,test/20428.png,896,896,896,0,0,896,0,0,0,1.0,1.0,0.0,0.0
BAL,image,429,test/20429.png,0,0,0,0,0,0,0,0,0,,,,
BAL,image,430,test/20430.png,0,0,0,0,0,0,0,0,0,,,,
BAL,image,431,test/20431.png,0,0,0,0,0,0,0,0,0,,,,
BAL,image,432,test/20432.png,0,0,0,0,0,0,0,0,0,,,,
BAL,image,433,test/20433.png,0,0,0,0,0,0,0,0,0,,,,
BAL,image,434,test/20434.png,1600,1590,1586,5,1,1585,9,0,0,0.99375,0.99125,0.003125,0.000625
BAL,image,435,test/20435.png,0,0,0,0,0,0,0,0,0,,,,
BAL,image,436,test/20436.png,0,0,0,0,0,0,0,0,0,,,,
BAL,image,437,test/20437.png,0,0,0,0,0,0,0,0,0,,,,
BAL,image,438,test/20438.png,0,0,0,0,0,0,0,0,0,,,,
BAL,image,439,test/20439.png,4096,3673,3647,74,48,3599,375,0,0,0.896728515625,0.890380859375,0.01806640625,0.01171875
BAL,image,440,test/20440.png,0,0,0,0,0,0,0,0,0,,,,
BAL,image,441,test/20441.png,0,0,0,0,0,0,0,0,0,,,,
BAL,image,442,test/20442.png,0,0,0,0,0,0,0,0,0,,,,
BAL,image,443,test/20443.png,0,0,0,0,0,0,0,0,0,,,,
BAL,image,444,test/20444.png,0,0,0,0,0,0,0,0,0,,,,
BAL,image,445,test/20445.png,0,0,0,0,0,0,0,0,0,,,,
BAL,image,446,test/20446.png,0,0,0,0,0,0,0,0,0,,,,
BAL,image,447,test/20447.png,0,0,0,0,0,0,0,0,0,,,,
BAL,image,448,test/20448.png,0,0,0,0,0,0,0,0,0,,,,
BAL,image,449,test/20449.png,0,0,0,0,0,0,0,0,0,,,,
BAL,image,450,test/20450.png,0,0,0,0,0,0,0,0,0,,,,
BAL,image,451,test/20451.png,0,0,0,0,0,0,0,0,0,,,,
BAL,image,452,test/20452.png,640,640,640,0,0,640,0,0,0,1.0,1.0,0.0,0.0
BAL,image,453,test/20453.png,0,0,0,0,0,0,0,0,0,,,,
BAL,image,454,test/20454.png,0,0,0,0,0,0,0,0,0,,,,
BAL,image,455,test/20455.png,0,0,0,0,0,0,0,0,0,,,,
BAL,image,456,test/20456.png,0,0,0,0,0,0,0,0,0,,,,
BAL,image,457,test/20457.png,3712,3654,3632,27,5,3627,53,0,0,0.984375,0.978448275862069,0.007273706896551724,0.0013469827586206897
BAL,image,458,test/20458.png,0,0,0,0,0,0,0,0,0,,,,
BAL,image,459,test/20459.png,0,0,0,0,0,0,0,0,0,,,,
BAL,image,460,test/20460.png,0,0,0,0,0,0,0,0,0,,,,
BAL,image,461,test/20461.png,0,0,0,0,0,0,0,0,0,,,,
BAL,image,462,test/20462.png,0,0,0,0,0,0,0,0,0,,,,
BAL,image,463,test/20463.png,0,0,0,0,0,0,0,0,0,,,,
BAL,image,464,test/20464.png,0,0,0,0,0,0,0,0,0,,,,
BAL,image,465,test/20465.png,2496,2455,2448,16,9,2439,32,0,0,0.983573717948718,0.9807692307692307,0.00641025641025641,0.003605769230769231
BAL,image,466,test/20466.png,0,0,0,0,0,0,0,0,0,,,,
BAL,image,467,test/20467.png,0,0,0,0,0,0,0,0,0,,,,
BAL,image,468,test/20468.png,0,0,0,0,0,0,0,0,0,,,,
BAL,image,469,test/20469.png,0,0,0,0,0,0,0,0,0,,,,
BAL,image,470,test/20470.png,0,0,0,0,0,0,0,0,0,,,,
BAL,image,471,test/20471.png,0,0,0,0,0,0,0,0,0,,,,
BAL,image,472,test/20472.png,0,0,0,0,0,0,0,0,0,,,,
BAL,image,473,test/20473.png,0,0,0,0,0,0,0,0,0,,,,
BAL,image,474,test/20474.png,0,0,0,0,0,0,0,0,0,,,,
BAL,image,475,test/20475.png,0,0,0,0,0,0,0,0,0,,,,
BAL,image,476,test/20476.png,0,0,0,0,0,0,0,0,0,,,,
BAL,image,477,test/20477.png,0,0,0,0,0,0,0,0,0,,,,
BAL,image,478,test/20478.png,0,0,0,0,0,0,0,0,0,,,,
BAL,image,479,test/20479.png,0,0,0,0,0,0,0,0,0,,,,
BAL,image,480,test/20480.png,0,0,0,0,0,0,0,0,0,,,,
BAL,image,481,test/20481.png,0,0,0,0,0,0,0,0,0,,,,
BAL,image,482,test/20482.png,0,0,0,0,0,0,0,0,0,,,,
BAL,image,483,test/20483.png,0,0,0,0,0,0,0,0,0,,,,
BAL,image,484,test/20484.png,0,0,0,0,0,0,0,0,0,,,,
BAL,image,485,test/20485.png,0,0,0,0,0,0,0,0,0,,,,
BAL,image,486,test/20486.png,960,960,960,0,0,960,0,0,0,1.0,1.0,0.0,0.0
BAL,image,487,test/20487.png,832,830,830,0,0,830,2,0,0,0.9975961538461539,0.9975961538461539,0.0,0.0
BAL,image,488,test/20488.png,0,0,0,0,0,0,0,0,0,,,,
BAL,image,489,test/20489.png,0,0,0,0,0,0,0,0,0,,,,
BAL,image,490,test/20490.png,0,0,0,0,0,0,0,0,0,,,,
BAL,image,491,test/20491.png,0,0,0,0,0,0,0,0,0,,,,
BAL,image,492,test/20492.png,0,0,0,0,0,0,0,0,0,,,,
BAL,image,493,test/20493.png,0,0,0,0,0,0,0,0,0,,,,
BAL,image,494,test/20494.png,0,0,0,0,0,0,0,0,0,,,,
BAL,image,495,test/20495.png,0,0,0,0,0,0,0,0,0,,,,
BAL,image,496,test/20496.png,0,0,0,0,0,0,0,0,0,,,,
BAL,image,497,test/20497.png,0,0,0,0,0,0,0,0,0,,,,
BAL,image,498,test/20498.png,0,0,0,0,0,0,0,0,0,,,,
BAL,image,499,test/20499.png,0,0,0,0,0,0,0,0,0,,,,
BAL,image,500,test/20500.png,0,0,0,0,0,0,0,0,0,,,,
BAL,image,501,test/20501.png,0,0,0,0,0,0,0,0,0,,,,
BAL,image,502,test/20502.png,4096,3950,3964,24,38,3926,108,0,0,0.96435546875,0.9677734375,0.005859375,0.00927734375
BAL,image,503,test/20503.png,0,0,0,0,0,0,0,0,0,,,,
BAL,image,504,test/20504.png,0,0,0,0,0,0,0,0,0,,,,
BAL,image,505,test/20505.png,0,0,0,0,0,0,0,0,0,,,,
BAL,image,506,test/20506.png,0,0,0,0,0,0,0,0,0,,,,
BAL,image,507,test/20507.png,0,0,0,0,0,0,0,0,0,,,,
BAL,image,508,test/20508.png,0,0,0,0,0,0,0,0,0,,,,
BAL,image,509,test/20509.png,0,0,0,0,0,0,0,0,0,,,,
BAL,image,510,test/20510.png,0,0,0,0,0,0,0,0,0,,,,
BAL,image,511,test/20511.png,0,0,0,0,0,0,0,0,0,,,,
BAL,image,512,test/20512.png,0,0,0,0,0,0,0,0,0,,,,
BAL,image,513,test/20513.png,0,0,0,0,0,0,0,0,0,,,,
BAL,image,514,test/20514.png,0,0,0,0,0,0,0,0,0,,,,
BAL,image,515,test/20515.png,0,0,0,0,0,0,0,0,0,,,,
BAL,image,516,test/20516.png,0,0,0,0,0,0,0,0,0,,,,
BAL,image,517,test/20517.png,3648,3602,3614,3,15,3599,31,0,0,0.987390350877193,0.9906798245614035,0.0008223684210526315,0.004111842105263158
BAL,image,518,test/20518.png,0,0,0,0,0,0,0,0,0,,,,
BAL,image,519,test/20519.png,0,0,0,0,0,0,0,0,0,,,,
BAL,image,520,test/20520.png,0,0,0,0,0,0,0,0,0,,,,
BAL,image,521,test/20521.png,0,0,0,0,0,0,0,0,0,,,,
BAL,image,522,test/20522.png,0,0,0,0,0,0,0,0,0,,,,
BAL,image,523,test/20523.png,1088,1081,1075,7,1,1074,6,0,0,0.9935661764705882,0.9880514705882353,0.006433823529411764,0.0009191176470588235
BAL,image,524,test/20524.png,0,0,0,0,0,0,0,0,0,,,,
BAL,image,525,test/20525.png,0,0,0,0,0,0,0,0,0,,,,
BAL,image,526,test/20526.png,0,0,0,0,0,0,0,0,0,,,,
BAL,image,527,test/20527.png,0,0,0,0,0,0,0,0,0,,,,
BAL,image,528,test/20528.png,0,0,0,0,0,0,0,0,0,,,,
BAL,image,529,test/20529.png,0,0,0,0,0,0,0,0,0,,,,
BAL,image,530,test/20530.png,0,0,0,0,0,0,0,0,0,,,,
BAL,image,531,test/20531.png,0,0,0,0,0,0,0,0,0,,,,
BAL,image,532,test/20532.png,0,0,0,0,0,0,0,0,0,,,,
BAL,image,533,test/20533.png,0,0,0,0,0,0,0,0,0,,,,
BAL,image,534,test/20534.png,0,0,0,0,0,0,0,0,0,,,,
BAL,image,535,test/20535.png,1664,1659,1659,0,0,1659,5,0,0,0.9969951923076923,0.9969951923076923,0.0,0.0
BAL,image,536,test/20536.png,0,0,0,0,0,0,0,0,0,,,,
BAL,image,537,test/20537.png,0,0,0,0,0,0,0,0,0,,,,
BAL,image,538,test/20538.png,0,0,0,0,0,0,0,0,0,,,,
BAL,image,539,test/20539.png,0,0,0,0,0,0,0,0,0,,,,
BAL,image,540,test/20540.png,0,0,0,0,0,0,0,0,0,,,,
BAL,image,541,test/20541.png,0,0,0,0,0,0,0,0,0,,,,
BAL,image,542,test/20542.png,0,0,0,0,0,0,0,0,0,,,,
BAL,image,543,test/20543.png,512,512,512,0,0,512,0,0,0,1.0,1.0,0.0,0.0
BAL,image,544,test/20544.png,320,314,311,3,0,311,6,0,0,0.98125,0.971875,0.009375,0.0
BAL,image,545,test/20545.png,0,0,0,0,0,0,0,0,0,,,,
BAL,image,546,test/20546.png,256,256,256,0,0,256,0,0,0,1.0,1.0,0.0,0.0
BAL,image,547,test/20547.png,0,0,0,0,0,0,0,0,0,,,,
BAL,image,548,test/20548.png,0,0,0,0,0,0,0,0,0,,,,
BAL,image,549,test/20549.png,0,0,0,0,0,0,0,0,0,,,,
BAL,image,550,test/20550.png,0,0,0,0,0,0,0,0,0,,,,
BAL,image,551,test/20551.png,0,0,0,0,0,0,0,0,0,,,,
BAL,image,552,test/20552.png,0,0,0,0,0,0,0,0,0,,,,
BAL,image,553,test/20553.png,0,0,0,0,0,0,0,0,0,,,,
BAL,image,554,test/20554.png,0,0,0,0,0,0,0,0,0,,,,
BAL,image,555,test/20555.png,0,0,0,0,0,0,0,0,0,,,,
BAL,image,556,test/20556.png,0,0,0,0,0,0,0,0,0,,,,
BAL,image,557,test/20557.png,0,0,0,0,0,0,0,0,0,,,,
BAL,image,558,test/20558.png,0,0,0,0,0,0,0,0,0,,,,
BAL,image,559,test/20559.png,0,0,0,0,0,0,0,0,0,,,,
BAL,image,560,test/20560.png,0,0,0,0,0,0,0,0,0,,,,
BAL,image,561,test/20561.png,1792,1790,1790,1,1,1789,1,0,0,0.9988839285714286,0.9988839285714286,0.0005580357142857143,0.0005580357142857143
BAL,image,562,test/20562.png,0,0,0,0,0,0,0,0,0,,,,
BAL,image,563,test/20563.png,0,0,0,0,0,0,0,0,0,,,,
BAL,image,564,test/20564.png,512,509,506,3,0,506,3,0,0,0.994140625,0.98828125,0.005859375,0.0
BAL,image,565,test/20565.png,0,0,0,0,0,0,0,0,0,,,,
BAL,image,566,test/20566.png,0,0,0,0,0,0,0,0,0,,,,
BAL,image,567,test/20567.png,0,0,0,0,0,0,0,0,0,,,,
BAL,image,568,test/20568.png,0,0,0,0,0,0,0,0,0,,,,
BAL,image,569,test/20569.png,0,0,0,0,0,0,0,0,0,,,,
BAL,image,570,test/20570.png,0,0,0,0,0,0,0,0,0,,,,
BAL,image,571,test/20571.png,0,0,0,0,0,0,0,0,0,,,,
BAL,image,572,test/20572.png,0,0,0,0,0,0,0,0,0,,,,
BAL,image,573,test/20573.png,0,0,0,0,0,0,0,0,0,,,,
BAL,image,574,test/20574.png,0,0,0,0,0,0,0,0,0,,,,
BAL,image,575,test/20575.png,0,0,0,0,0,0,0,0,0,,,,
BAL,image,576,test/20576.png,0,0,0,0,0,0,0,0,0,,,,
BAL,image,577,test/20577.png,0,0,0,0,0,0,0,0,0,,,,
BAL,image,578,test/20578.png,0,0,0,0,0,0,0,0,0,,,,
BAL,image,579,test/20579.png,0,0,0,0,0,0,0,0,0,,,,
BAL,image,580,test/20580.png,0,0,0,0,0,0,0,0,0,,,,
BAL,image,581,test/20581.png,0,0,0,0,0,0,0,0,0,,,,
BAL,image,582,test/20582.png,0,0,0,0,0,0,0,0,0,,,,
BAL,image,583,test/20583.png,0,0,0,0,0,0,0,0,0,,,,
BAL,image,584,test/20584.png,0,0,0,0,0,0,0,0,0,,,,
BAL,image,585,test/20585.png,0,0,0,0,0,0,0,0,0,,,,
BAL,image,586,test/20586.png,0,0,0,0,0,0,0,0,0,,,,
BAL,image,587,test/20587.png,1152,1152,1152,0,0,1152,0,0,0,1.0,1.0,0.0,0.0
BAL,image,588,test/20588.png,0,0,0,0,0,0,0,0,0,,,,
BAL,image,589,test/20589.png,0,0,0,0,0,0,0,0,0,,,,
BAL,image,590,test/20590.png,0,0,0,0,0,0,0,0,0,,,,
BAL,image,591,test/20591.png,0,0,0,0,0,0,0,0,0,,,,
BAL,image,592,test/20592.png,0,0,0,0,0,0,0,0,0,,,,
BAL,image,593,test/20593.png,0,0,0,0,0,0,0,0,0,,,,
BAL,image,594,test/20594.png,0,0,0,0,0,0,0,0,0,,,,
BAL,image,595,test/20595.png,0,0,0,0,0,0,0,0,0,,,,
BAL,image,596,test/20596.png,0,0,0,0,0,0,0,0,0,,,,
BAL,image,597,test/20597.png,0,0,0,0,0,0,0,0,0,,,,
BAL,image,598,test/20598.png,0,0,0,0,0,0,0,0,0,,,,
BAL,image,599,test/20599.png,1984,1980,1981,0,1,1980,3,0,0,0.9979838709677419,0.9984879032258065,0.0,0.0005040322580645161
BAL,image,600,test/20600.png,1536,1426,1406,23,3,1403,107,0,0,0.9283854166666666,0.9153645833333334,0.014973958333333334,0.001953125
BAL,image,601,test/20601.png,0,0,0,0,0,0,0,0,0,,,,
BAL,image,602,test/20602.png,0,0,0,0,0,0,0,0,0,,,,
BAL,image,603,test/20603.png,0,0,0,0,0,0,0,0,0,,,,
BAL,image,604,test/20604.png,0,0,0,0,0,0,0,0,0,,,,
BAL,image,605,test/20605.png,0,0,0,0,0,0,0,0,0,,,,
BAL,image,606,test/20606.png,0,0,0,0,0,0,0,0,0,,,,
BAL,image,607,test/20607.png,0,0,0,0,0,0,0,0,0,,,,
BAL,image,608,test/20608.png,0,0,0,0,0,0,0,0,0,,,,
BAL,image,609,test/20609.png,0,0,0,0,0,0,0,0,0,,,,
BAL,image,610,test/20610.png,0,0,0,0,0,0,0,0,0,,,,
BAL,image,611,test/20611.png,0,0,0,0,0,0,0,0,0,,,,
BAL,image,612,test/20612.png,0,0,0,0,0,0,0,0,0,,,,
BAL,image,613,test/20613.png,0,0,0,0,0,0,0,0,0,,,,
BAL,image,614,test/20614.png,0,0,0,0,0,0,0,0,0,,,,
BAL,image,615,test/20615.png,0,0,0,0,0,0,0,0,0,,,,
BAL,image,616,test/20616.png,0,0,0,0,0,0,0,0,0,,,,
BAL,image,617,test/20617.png,0,0,0,0,0,0,0,0,0,,,,
BAL,image,618,test/20618.png,0,0,0,0,0,0,0,0,0,,,,
BAL,image,619,test/20619.png,0,0,0,0,0,0,0,0,0,,,,
BAL,image,620,test/20620.png,0,0,0,0,0,0,0,0,0,,,,
BAL,image,621,test/20621.png,0,0,0,0,0,0,0,0,0,,,,
BAL,image,622,test/20622.png,0,0,0,0,0,0,0,0,0,,,,
BAL,image,623,test/20623.png,0,0,0,0,0,0,0,0,0,,,,
BAL,image,624,test/20624.png,2048,2020,2018,6,4,2014,24,0,0,0.986328125,0.9853515625,0.0029296875,0.001953125
BAL,image,625,test/20625.png,1600,1558,1551,14,7,1544,35,0,0,0.97375,0.969375,0.00875,0.004375
BAL,image,626,test/20626.png,0,0,0,0,0,0,0,0,0,,,,
BAL,image,627,test/20627.png,0,0,0,0,0,0,0,0,0,,,,
BAL,image,628,test/20628.png,0,0,0,0,0,0,0,0,0,,,,
BAL,image,629,test/20629.png,0,0,0,0,0,0,0,0,0,,,,
BAL,image,630,test/20630.png,0,0,0,0,0,0,0,0,0,,,,
BAL,image,631,test/20631.png,0,0,0,0,0,0,0,0,0,,,,
BAL,image,632,test/20632.png,640,630,628,3,1,627,9,0,0,0.984375,0.98125,0.0046875,0.0015625
BAL,image,633,test/20633.png,0,0,0,0,0,0,0,0,0,,,,
BAL,image,634,test/20634.png,0,0,0,0,0,0,0,0,0,,,,
BAL,image,635,test/20635.png,0,0,0,0,0,0,0,0,0,,,,
BAL,image,636,test/20636.png,0,0,0,0,0,0,0,0,0,,,,
BAL,image,637,test/20637.png,0,0,0,0,0,0,0,0,0,,,,
BAL,image,638,test/20638.png,0,0,0,0,0,0,0,0,0,,,,
BAL,image,639,test/20639.png,0,0,0,0,0,0,0,0,0,,,,
BAL,image,640,test/20640.png,960,833,770,90,27,743,100,0,0,0.8677083333333333,0.8020833333333334,0.09375,0.028125
BAL,image,641,test/20641.png,0,0,0,0,0,0,0,0,0,,,,
BAL,image,642,test/20642.png,0,0,0,0,0,0,0,0,0,,,,
BAL,image,643,test/20643.png,0,0,0,0,0,0,0,0,0,,,,
BAL,image,644,test/20644.png,0,0,0,0,0,0,0,0,0,,,,
BAL,image,645,test/20645.png,0,0,0,0,0,0,0,0,0,,,,
BAL,image,646,test/20646.png,1344,1324,1328,0,4,1324,16,0,0,0.9851190476190477,0.9880952380952381,0.0,0.002976190476190476
BAL,image,647,test/20647.png,0,0,0,0,0,0,0,0,0,,,,
BAL,image,648,test/20648.png,0,0,0,0,0,0,0,0,0,,,,
BAL,image,649,test/20649.png,0,0,0,0,0,0,0,0,0,,,,
BAL,image,650,test/20650.png,0,0,0,0,0,0,0,0,0,,,,
BAL,image,651,test/20651.png,0,0,0,0,0,0,0,0,0,,,,
BAL,image,652,test/20652.png,0,0,0,0,0,0,0,0,0,,,,
BAL,image,653,test/20653.png,0,0,0,0,0,0,0,0,0,,,,
BAL,image,654,test/20654.png,0,0,0,0,0,0,0,0,0,,,,
BAL,image,655,test/20655.png,0,0,0,0,0,0,0,0,0,,,,
BAL,image,656,test/20656.png,0,0,0,0,0,0,0,0,0,,,,
BAL,image,657,test/20657.png,0,0,0,0,0,0,0,0,0,,,,
BAL,image,658,test/20658.png,0,0,0,0,0,0,0,0,0,,,,
BAL,image,659,test/20659.png,0,0,0,0,0,0,0,0,0,,,,
BAL,image,660,test/20660.png,1344,1331,1321,10,0,1321,13,0,0,0.9903273809523809,0.9828869047619048,0.00744047619047619,0.0
BAL,image,661,test/20661.png,0,0,0,0,0,0,0,0,0,,,,
BAL,image,662,test/20662.png,0,0,0,0,0,0,0,0,0,,,,
BAL,image,663,test/20663.png,0,0,0,0,0,0,0,0,0,,,,
BAL,image,664,test/20664.png,0,0,0,0,0,0,0,0,0,,,,
BAL,image,665,test/20665.png,2368,2317,2326,11,20,2306,31,0,0,0.9784628378378378,0.9822635135135135,0.0046452702702702705,0.008445945945945946
BAL,image,666,test/20666.png,0,0,0,0,0,0,0,0,0,,,,
BAL,image,667,test/20667.png,512,488,473,20,5,468,19,0,0,0.953125,0.923828125,0.0390625,0.009765625
BAL,image,668,test/20668.png,0,0,0,0,0,0,0,0,0,,,,
BAL,image,669,test/20669.png,3136,3130,3129,2,1,3128,5,0,0,0.9980867346938775,0.9977678571428571,0.0006377551020408163,0.00031887755102040814
BAL,image,670,test/20670.png,0,0,0,0,0,0,0,0,0,,,,
BAL,image,671,test/20671.png,4096,3929,3930,27,28,3902,139,0,0,0.959228515625,0.95947265625,0.006591796875,0.0068359375
BAL,image,672,test/20672.png,512,507,507,0,0,507,5,0,0,0.990234375,0.990234375,0.0,0.0
BAL,image,673,test/20673.png,0,0,0,0,0,0,0,0,0,,,,
BAL,image,674,test/20674.png,0,0,0,0,0,0,0,0,0,,,,
BAL,image,675,test/20675.png,0,0,0,0,0,0,0,0,0,,,,
BAL,image,676,test/20676.png,0,0,0,0,0,0,0,0,0,,,,
BAL,image,677,test/20677.png,0,0,0,0,0,0,0,0,0,,,,
BAL,image,678,test/20678.png,0,0,0,0,0,0,0,0,0,,,,
BAL,image,679,test/20679.png,0,0,0,0,0,0,0,0,0,,,,
BAL,image,680,test/20680.png,0,0,0,0,0,0,0,0,0,,,,
BAL,image,681,test/20681.png,0,0,0,0,0,0,0,0,0,,,,
BAL,image,682,test/20682.png,4096,4019,4016,4,1,4015,76,0,0,0.981201171875,0.98046875,0.0009765625,0.000244140625
BAL,image,683,test/20683.png,0,0,0,0,0,0,0,0,0,,,,
BAL,image,684,test/20684.png,0,0,0,0,0,0,0,0,0,,,,
BAL,image,685,test/20685.png,2816,2746,2745,8,7,2738,63,0,0,0.9751420454545454,0.9747869318181818,0.002840909090909091,0.0024857954545454545
BAL,image,686,test/20686.png,0,0,0,0,0,0,0,0,0,,,,
BAL,image,687,test/20687.png,0,0,0,0,0,0,0,0,0,,,,
BAL,image,688,test/20688.png,0,0,0,0,0,0,0,0,0,,,,
BAL,image,689,test/20689.png,0,0,0,0,0,0,0,0,0,,,,
BAL,image,690,test/20690.png,0,0,0,0,0,0,0,0,0,,,,
BAL,image,691,test/20691.png,0,0,0,0,0,0,0,0,0,,,,
BAL,image,692,test/20692.png,0,0,0,0,0,0,0,0,0,,,,
BAL,image,693,test/20693.png,0,0,0,0,0,0,0,0,0,,,,
BAL,image,694,test/20694.png,0,0,0,0,0,0,0,0,0,,,,
BAL,image,695,test/20695.png,0,0,0,0,0,0,0,0,0,,,,
BAL,image,696,test/20696.png,0,0,0,0,0,0,0,0,0,,,,
BAL,image,697,test/20697.png,0,0,0,0,0,0,0,0,0,,,,
BAL,image,698,test/20698.png,0,0,0,0,0,0,0,0,0,,,,
BAL,image,699,test/20699.png,0,0,0,0,0,0,0,0,0,,,,
BAL,image,700,test/20700.png,0,0,0,0,0,0,0,0,0,,,,
BAL,image,701,test/20701.png,0,0,0,0,0,0,0,0,0,,,,
BAL,image,702,test/20702.png,0,0,0,0,0,0,0,0,0,,,,
BAL,image,703,test/20703.png,0,0,0,0,0,0,0,0,0,,,,
BAL,image,704,test/20704.png,0,0,0,0,0,0,0,0,0,,,,
BAL,image,705,test/20705.png,0,0,0,0,0,0,0,0,0,,,,
BAL,image,706,test/20706.png,0,0,0,0,0,0,0,0,0,,,,
BAL,image,707,test/20707.png,0,0,0,0,0,0,0,0,0,,,,
BAL,image,708,test/20708.png,0,0,0,0,0,0,0,0,0,,,,
BAL,image,709,test/20709.png,0,0,0,0,0,0,0,0,0,,,,
BAL,image,710,test/20710.png,0,0,0,0,0,0,0,0,0,,,,
BAL,image,711,test/20711.png,0,0,0,0,0,0,0,0,0,,,,
BAL,image,712,test/20712.png,0,0,0,0,0,0,0,0,0,,,,
BAL,image,713,test/20713.png,0,0,0,0,0,0,0,0,0,,,,
BAL,image,714,test/20714.png,0,0,0,0,0,0,0,0,0,,,,
BAL,image,715,test/20715.png,0,0,0,0,0,0,0,0,0,,,,
BAL,image,716,test/20716.png,0,0,0,0,0,0,0,0,0,,,,
BAL,image,717,test/20717.png,0,0,0,0,0,0,0,0,0,,,,
BAL,image,718,test/20718.png,0,0,0,0,0,0,0,0,0,,,,
BAL,image,719,test/20719.png,0,0,0,0,0,0,0,0,0,,,,
BAL,image,720,test/20720.png,0,0,0,0,0,0,0,0,0,,,,
BAL,image,721,test/20721.png,0,0,0,0,0,0,0,0,0,,,,
BAL,image,722,test/20722.png,0,0,0,0,0,0,0,0,0,,,,
BAL,image,723,test/20723.png,0,0,0,0,0,0,0,0,0,,,,
BAL,image,724,test/20724.png,1984,1959,1942,21,4,1938,21,0,0,0.9873991935483871,0.9788306451612904,0.010584677419354838,0.0020161290322580645
BAL,image,725,test/20725.png,0,0,0,0,0,0,0,0,0,,,,
BAL,image,726,test/20726.png,0,0,0,0,0,0,0,0,0,,,,
BAL,image,727,test/20727.png,0,0,0,0,0,0,0,0,0,,,,
BAL,image,728,test/20728.png,0,0,0,0,0,0,0,0,0,,,,
BAL,image,729,test/20729.png,0,0,0,0,0,0,0,0,0,,,,
BAL,image,730,test/20730.png,0,0,0,0,0,0,0,0,0,,,,
BAL,image,731,test/20731.png,0,0,0,0,0,0,0,0,0,,,,
BAL,image,732,test/20732.png,0,0,0,0,0,0,0,0,0,,,,
BAL,image,733,test/20733.png,0,0,0,0,0,0,0,0,0,,,,
BAL,image,734,test/20734.png,0,0,0,0,0,0,0,0,0,,,,
BAL,image,735,test/20735.png,0,0,0,0,0,0,0,0,0,,,,
BAL,image,736,test/20736.png,0,0,0,0,0,0,0,0,0,,,,
BAL,image,737,test/20737.png,0,0,0,0,0,0,0,0,0,,,,
BAL,image,738,test/20738.png,768,765,766,0,1,765,2,0,0,0.99609375,0.9973958333333334,0.0,0.0013020833333333333
BAL,image,739,test/20739.png,0,0,0,0,0,0,0,0,0,,,,
BAL,image,740,test/20740.png,0,0,0,0,0,0,0,0,0,,,,
BAL,image,741,test/20741.png,0,0,0,0,0,0,0,0,0,,,,
BAL,image,742,test/20742.png,0,0,0,0,0,0,0,0,0,,,,
BAL,image,743,test/20743.png,0,0,0,0,0,0,0,0,0,,,,
BAL,image,744,test/20744.png,2560,2087,2000,184,97,1903,376,0,0,0.815234375,0.78125,0.071875,0.037890625
BAL,image,745,test/20745.png,0,0,0,0,0,0,0,0,0,,,,
BAL,image,746,test/20746.png,0,0,0,0,0,0,0,0,0,,,,
BAL,image,747,test/20747.png,896,882,878,5,1,877,13,0,0,0.984375,0.9799107142857143,0.005580357142857143,0.0011160714285714285
BAL,image,748,test/20748.png,0,0,0,0,0,0,0,0,0,,,,
BAL,image,749,test/20749.png,0,0,0,0,0,0,0,0,0,,,,
BAL,image,750,test/20750.png,0,0,0,0,0,0,0,0,0,,,,
BAL,image,751,test/20751.png,0,0,0,0,0,0,0,0,0,,,,
BAL,image,752,test/20752.png,0,0,0,0,0,0,0,0,0,,,,
BAL,image,753,test/20753.png,0,0,0,0,0,0,0,0,0,,,,
BAL,image,754,test/20754.png,384,384,384,0,0,384,0,0,0,1.0,1.0,0.0,0.0
BAL,image,755,test/20755.png,0,0,0,0,0,0,0,0,0,,,,
BAL,image,756,test/20756.png,0,0,0,0,0,0,0,0,0,,,,
BAL,image,757,test/20757.png,0,0,0,0,0,0,0,0,0,,,,
BAL,image,758,test/20758.png,0,0,0,0,0,0,0,0,0,,,,
BAL,image,759,test/20759.png,0,0,0,0,0,0,0,0,0,,,,
BAL,image,760,test/20760.png,0,0,0,0,0,0,0,0,0,,,,
BAL,image,761,test/20761.png,0,0,0,0,0,0,0,0,0,,,,
BAL,image,762,test/20762.png,0,0,0,0,0,0,0,0,0,,,,
BAL,image,763,test/20763.png,0,0,0,0,0,0,0,0,0,,,,
BAL,image,764,test/20764.png,0,0,0,0,0,0,0,0,0,,,,
BAL,image,765,test/20765.png,1024,1008,1003,7,2,1001,14,0,0,0.984375,0.9794921875,0.0068359375,0.001953125
BAL,image,766,test/20766.png,0,0,0,0,0,0,0,0,0,,,,
BAL,image,767,test/20767.png,0,0,0,0,0,0,0,0,0,,,,
BAL,image,768,test/20768.png,0,0,0,0,0,0,0,0,0,,,,
BAL,image,769,test/20769.png,0,0,0,0,0,0,0,0,0,,,,
BAL,image,770,test/20770.png,0,0,0,0,0,0,0,0,0,,,,
BAL,image,771,test/20771.png,0,0,0,0,0,0,0,0,0,,,,
BAL,image,772,test/20772.png,2048,1554,1499,107,52,1447,442,0,0,0.7587890625,0.73193359375,0.05224609375,0.025390625
BAL,image,773,test/20773.png,0,0,0,0,0,0,0,0,0,,,,
BAL,image,774,test/20774.png,0,0,0,0,0,0,0,0,0,,,,
BAL,image,775,test/20775.png,0,0,0,0,0,0,0,0,0,,,,
BAL,image,776,test/20776.png,0,0,0,0,0,0,0,0,0,,,,
BAL,image,777,test/20777.png,0,0,0,0,0,0,0,0,0,,,,
BAL,image,778,test/20778.png,0,0,0,0,0,0,0,0,0,,,,
BAL,image,779,test/20779.png,0,0,0,0,0,0,0,0,0,,,,
BAL,image,780,test/20780.png,0,0,0,0,0,0,0,0,0,,,,
BAL,image,781,test/20781.png,0,0,0,0,0,0,0,0,0,,,,
BAL,image,782,test/20782.png,0,0,0,0,0,0,0,0,0,,,,
BAL,image,783,test/20783.png,0,0,0,0,0,0,0,0,0,,,,
BAL,image,784,test/20784.png,4096,4032,4066,10,44,4022,20,0,0,0.984375,0.99267578125,0.00244140625,0.0107421875
BAL,image,785,test/20785.png,2944,2921,2923,2,4,2919,19,0,0,0.9921875,0.9928668478260869,0.0006793478260869565,0.001358695652173913
BAL,image,786,test/20786.png,0,0,0,0,0,0,0,0,0,,,,
BAL,image,787,test/20787.png,0,0,0,0,0,0,0,0,0,,,,
BAL,image,788,test/20788.png,0,0,0,0,0,0,0,0,0,,,,
BAL,image,789,test/20789.png,0,0,0,0,0,0,0,0,0,,,,
BAL,image,790,test/20790.png,0,0,0,0,0,0,0,0,0,,,,
BAL,image,791,test/20791.png,0,0,0,0,0,0,0,0,0,,,,
BAL,image,792,test/20792.png,0,0,0,0,0,0,0,0,0,,,,
BAL,image,793,test/20793.png,0,0,0,0,0,0,0,0,0,,,,
BAL,image,794,test/20794.png,0,0,0,0,0,0,0,0,0,,,,
BAL,image,795,test/20795.png,0,0,0,0,0,0,0,0,0,,,,
BAL,image,796,test/20796.png,0,0,0,0,0,0,0,0,0,,,,
BAL,image,797,test/20797.png,0,0,0,0,0,0,0,0,0,,,,
BAL,image,798,test/20798.png,0,0,0,0,0,0,0,0,0,,,,
BAL,image,799,test/20799.png,0,0,0,0,0,0,0,0,0,,,,
BAL,image,800,test/20800.png,0,0,0,0,0,0,0,0,0,,,,
BAL,image,801,test/20801.png,448,418,417,6,5,412,25,0,0,0.9330357142857143,0.9308035714285714,0.013392857142857142,0.011160714285714286
BAL,image,802,test/20802.png,0,0,0,0,0,0,0,0,0,,,,
BAL,image,803,test/20803.png,0,0,0,0,0,0,0,0,0,,,,
BAL,image,804,test/20804.png,3648,3584,3579,13,8,3571,56,0,0,0.9824561403508771,0.9810855263157895,0.00356359649122807,0.0021929824561403508
BAL,image,805,test/20805.png,0,0,0,0,0,0,0,0,0,,,,
BAL,image,806,test/20806.png,0,0,0,0,0,0,0,0,0,,,,
BAL,image,807,test/20807.png,0,0,0,0,0,0,0,0,0,,,,
BAL,image,808,test/20808.png,0,0,0,0,0,0,0,0,0,,,,
BAL,image,809,test/20809.png,0,0,0,0,0,0,0,0,0,,,,
BAL,image,810,test/20810.png,0,0,0,0,0,0,0,0,0,,,,
BAL,image,811,test/20811.png,0,0,0,0,0,0,0,0,0,,,,
BAL,image,812,test/20812.png,0,0,0,0,0,0,0,0,0,,,,
BAL,image,813,test/20813.png,0,0,0,0,0,0,0,0,0,,,,
BAL,image,814,test/20814.png,0,0,0,0,0,0,0,0,0,,,,
BAL,image,815,test/20815.png,0,0,0,0,0,0,0,0,0,,,,
BAL,image,816,test/20816.png,256,256,256,0,0,256,0,0,0,1.0,1.0,0.0,0.0
BAL,image,817,test/20817.png,0,0,0,0,0,0,0,0,0,,,,
BAL,image,818,test/20818.png,0,0,0,0,0,0,0,0,0,,,,
BAL,image,819,test/20819.png,0,0,0,0,0,0,0,0,0,,,,
BAL,image,820,test/20820.png,0,0,0,0,0,0,0,0,0,,,,
BAL,image,821,test/20821.png,640,639,639,0,0,639,1,0,0,0.9984375,0.9984375,0.0,0.0
BAL,image,822,test/20822.png,0,0,0,0,0,0,0,0,0,,,,
BAL,image,823,test/20823.png,0,0,0,0,0,0,0,0,0,,,,
BAL,image,824,test/20824.png,0,0,0,0,0,0,0,0,0,,,,
BAL,image,825,test/20825.png,0,0,0,0,0,0,0,0,0,,,,
BAL,image,826,test/20826.png,0,0,0,0,0,0,0,0,0,,,,
BAL,image,827,test/20827.png,896,894,893,2,1,892,1,0,0,0.9977678571428571,0.9966517857142857,0.002232142857142857,0.0011160714285714285
BAL,image,828,test/20828.png,0,0,0,0,0,0,0,0,0,,,,
BAL,image,829,test/20829.png,512,502,487,17,2,485,8,0,0,0.98046875,0.951171875,0.033203125,0.00390625
BAL,image,830,test/20830.png,0,0,0,0,0,0,0,0,0,,,,
BAL,image,831,test/20831.png,0,0,0,0,0,0,0,0,0,,,,
BAL,image,832,test/20832.png,0,0,0,0,0,0,0,0,0,,,,
BAL,image,833,test/20833.png,0,0,0,0,0,0,0,0,0,,,,
BAL,image,834,test/20834.png,2560,2550,2542,8,0,2542,10,0,0,0.99609375,0.99296875,0.003125,0.0
BAL,image,835,test/20835.png,0,0,0,0,0,0,0,0,0,,,,
BAL,image,836,test/20836.png,0,0,0,0,0,0,0,0,0,,,,
BAL,image,837,test/20837.png,0,0,0,0,0,0,0,0,0,,,,
BAL,image,838,test/20838.png,0,0,0,0,0,0,0,0,0,,,,
BAL,image,839,test/20839.png,0,0,0,0,0,0,0,0,0,,,,
BAL,image,840,test/20840.png,0,0,0,0,0,0,0,0,0,,,,
BAL,image,841,test/20841.png,0,0,0,0,0,0,0,0,0,,,,
BAL,image,842,test/20842.png,0,0,0,0,0,0,0,0,0,,,,
BAL,image,843,test/20843.png,0,0,0,0,0,0,0,0,0,,,,
BAL,image,844,test/20844.png,0,0,0,0,0,0,0,0,0,,,,
BAL,image,845,test/20845.png,0,0,0,0,0,0,0,0,0,,,,
BAL,image,846,test/20846.png,0,0,0,0,0,0,0,0,0,,,,
BAL,image,847,test/20847.png,0,0,0,0,0,0,0,0,0,,,,
BAL,image,848,test/20848.png,3392,3364,3363,5,4,3359,24,0,0,0.9917452830188679,0.9914504716981132,0.001474056603773585,0.0011792452830188679
BAL,image,849,test/20849.png,0,0,0,0,0,0,0,0,0,,,,
BAL,image,850,test/20850.png,0,0,0,0,0,0,0,0,0,,,,
BAL,image,851,test/20851.png,0,0,0,0,0,0,0,0,0,,,,
BAL,image,852,test/20852.png,0,0,0,0,0,0,0,0,0,,,,
BAL,image,853,test/20853.png,0,0,0,0,0,0,0,0,0,,,,
BAL,image,854,test/20854.png,0,0,0,0,0,0,0,0,0,,,,
BAL,image,855,test/20855.png,0,0,0,0,0,0,0,0,0,,,,
BAL,image,856,test/20856.png,0,0,0,0,0,0,0,0,0,,,,
BAL,image,857,test/20857.png,2752,2721,2719,3,1,2718,30,0,0,0.9887354651162791,0.9880087209302325,0.0010901162790697674,0.0003633720930232558
BAL,image,858,test/20858.png,0,0,0,0,0,0,0,0,0,,,,
BAL,image,859,test/20859.png,0,0,0,0,0,0,0,0,0,,,,
BAL,image,860,test/20860.png,0,0,0,0,0,0,0,0,0,,,,
BAL,image,861,test/20861.png,0,0,0,0,0,0,0,0,0,,,,
BAL,image,862,test/20862.png,0,0,0,0,0,0,0,0,0,,,,
BAL,image,863,test/20863.png,0,0,0,0,0,0,0,0,0,,,,
BAL,image,864,test/20864.png,0,0,0,0,0,0,0,0,0,,,,
BAL,image,865,test/20865.png,0,0,0,0,0,0,0,0,0,,,,
BAL,image,866,test/20866.png,0,0,0,0,0,0,0,0,0,,,,
BAL,image,867,test/20867.png,0,0,0,0,0,0,0,0,0,,,,
BAL,image,868,test/20868.png,0,0,0,0,0,0,0,0,0,,,,
BAL,image,869,test/20869.png,0,0,0,0,0,0,0,0,0,,,,
BAL,image,870,test/20870.png,2560,2528,2511,18,1,2510,31,0,0,0.9875,0.980859375,0.00703125,0.000390625
BAL,image,871,test/20871.png,0,0,0,0,0,0,0,0,0,,,,
BAL,image,872,test/20872.png,0,0,0,0,0,0,0,0,0,,,,
BAL,image,873,test/20873.png,0,0,0,0,0,0,0,0,0,,,,
BAL,image,874,test/20874.png,0,0,0,0,0,0,0,0,0,,,,
BAL,image,875,test/20875.png,0,0,0,0,0,0,0,0,0,,,,
BAL,image,876,test/20876.png,0,0,0,0,0,0,0,0,0,,,,
BAL,image,877,test/20877.png,0,0,0,0,0,0,0,0,0,,,,
BAL,image,878,test/20878.png,0,0,0,0,0,0,0,0,0,,,,
BAL,image,879,test/20879.png,0,0,0,0,0,0,0,0,0,,,,
BAL,image,880,test/20880.png,0,0,0,0,0,0,0,0,0,,,,
BAL,image,881,test/20881.png,3904,3892,3890,2,0,3890,12,0,0,0.9969262295081968,0.9964139344262295,0.0005122950819672131,0.0
BAL,image,882,test/20882.png,4096,4037,4024,17,4,4020,55,0,0,0.985595703125,0.982421875,0.004150390625,0.0009765625
BAL,image,883,test/20883.png,0,0,0,0,0,0,0,0,0,,,,
BAL,image,884,test/20884.png,4096,3749,3767,53,71,3696,276,0,0,0.915283203125,0.919677734375,0.012939453125,0.017333984375
BAL,image,885,test/20885.png,0,0,0,0,0,0,0,0,0,,,,
BAL,image,886,test/20886.png,0,0,0,0,0,0,0,0,0,,,,
BAL,image,887,test/20887.png,0,0,0,0,0,0,0,0,0,,,,
BAL,image,888,test/20888.png,0,0,0,0,0,0,0,0,0,,,,
BAL,image,889,test/20889.png,0,0,0,0,0,0,0,0,0,,,,
BAL,image,890,test/20890.png,0,0,0,0,0,0,0,0,0,,,,
BAL,image,891,test/20891.png,704,700,693,7,0,693,4,0,0,0.9943181818181818,0.984375,0.009943181818181818,0.0
BAL,image,892,test/20892.png,1280,1280,1280,0,0,1280,0,0,0,1.0,1.0,0.0,0.0
BAL,image,893,test/20893.png,0,0,0,0,0,0,0,0,0,,,,
BAL,image,894,test/20894.png,0,0,0,0,0,0,0,0,0,,,,
BAL,image,895,test/20895.png,832,828,824,4,0,824,4,0,0,0.9951923076923077,0.9903846153846154,0.004807692307692308,0.0
BAL,image,896,test/20896.png,0,0,0,0,0,0,0,0,0,,,,
BAL,image,897,test/20897.png,0,0,0,0,0,0,0,0,0,,,,
BAL,image,898,test/20898.png,0,0,0,0,0,0,0,0,0,,,,
BAL,image,899,test/20899.png,0,0,0,0,0,0,0,0,0,,,,
BAL,image,900,test/20900.png,0,0,0,0,0,0,0,0,0,,,,
BAL,image,901,test/20901.png,0,0,0,0,0,0,0,0,0,,,,
BAL,image,902,test/20902.png,1856,1856,1855,1,0,1855,0,0,0,1.0,0.9994612068965517,0.0005387931034482759,0.0
BAL,image,903,test/20903.png,0,0,0,0,0,0,0,0,0,,,,
BAL,image,904,test/20904.png,0,0,0,0,0,0,0,0,0,,,,
BAL,image,905,test/20905.png,0,0,0,0,0,0,0,0,0,,,,
BAL,image,906,test/20906.png,0,0,0,0,0,0,0,0,0,,,,
BAL,image,907,test/20907.png,0,0,0,0,0,0,0,0,0,,,,
BAL,image,908,test/20908.png,0,0,0,0,0,0,0,0,0,,,,
BAL,image,909,test/20909.png,0,0,0,0,0,0,0,0,0,,,,
BAL,image,910,test/20910.png,0,0,0,0,0,0,0,0,0,,,,
BAL,image,911,test/20911.png,0,0,0,0,0,0,0,0,0,,,,
BAL,image,912,test/20912.png,768,764,763,1,0,763,4,0,0,0.9947916666666666,0.9934895833333334,0.0013020833333333333,0.0
BAL,image,913,test/20913.png,0,0,0,0,0,0,0,0,0,,,,
BAL,image,914,test/20914.png,0,0,0,0,0,0,0,0,0,,,,
BAL,image,915,test/20915.png,0,0,0,0,0,0,0,0,0,,,,
BAL,image,916,test/20916.png,0,0,0,0,0,0,0,0,0,,,,
BAL,image,917,test/20917.png,0,0,0,0,0,0,0,0,0,,,,
BAL,image,918,test/20918.png,0,0,0,0,0,0,0,0,0,,,,
BAL,image,919,test/20919.png,0,0,0,0,0,0,0,0,0,,,,
BAL,image,920,test/20920.png,0,0,0,0,0,0,0,0,0,,,,
BAL,image,921,test/20921.png,0,0,0,0,0,0,0,0,0,,,,
BAL,image,922,test/20922.png,2176,2125,2101,29,5,2096,46,0,0,0.9765625,0.9655330882352942,0.01332720588235294,0.002297794117647059
BAL,image,923,test/20923.png,0,0,0,0,0,0,0,0,0,,,,
BAL,image,924,test/20924.png,0,0,0,0,0,0,0,0,0,,,,
BAL,image,925,test/20925.png,0,0,0,0,0,0,0,0,0,,,,
BAL,image,926,test/20926.png,0,0,0,0,0,0,0,0,0,,,,
BAL,image,927,test/20927.png,0,0,0,0,0,0,0,0,0,,,,
BAL,image,928,test/20928.png,0,0,0,0,0,0,0,0,0,,,,
BAL,image,929,test/20929.png,0,0,0,0,0,0,0,0,0,,,,
BAL,image,930,test/20930.png,0,0,0,0,0,0,0,0,0,,,,
BAL,image,931,test/20931.png,0,0,0,0,0,0,0,0,0,,,,
BAL,image,932,test/20932.png,0,0,0,0,0,0,0,0,0,,,,
BAL,image,933,test/20933.png,0,0,0,0,0,0,0,0,0,,,,
BAL,image,934,test/20934.png,0,0,0,0,0,0,0,0,0,,,,
BAL,image,935,test/20935.png,0,0,0,0,0,0,0,0,0,,,,
BAL,image,936,test/20936.png,0,0,0,0,0,0,0,0,0,,,,
BAL,image,937,test/20937.png,0,0,0,0,0,0,0,0,0,,,,
BAL,image,938,test/20938.png,0,0,0,0,0,0,0,0,0,,,,
BAL,image,939,test/20939.png,0,0,0,0,0,0,0,0,0,,,,
BAL,image,940,test/20940.png,0,0,0,0,0,0,0,0,0,,,,
BAL,image,941,test/20941.png,1024,1024,1022,2,0,1022,0,0,0,1.0,0.998046875,0.001953125,0.0
BAL,image,942,test/20942.png,256,256,256,0,0,256,0,0,0,1.0,1.0,0.0,0.0
BAL,image,943,test/20943.png,0,0,0,0,0,0,0,0,0,,,,
BAL,image,944,test/20944.png,0,0,0,0,0,0,0,0,0,,,,
BAL,image,945,test/20945.png,0,0,0,0,0,0,0,0,0,,,,
BAL,image,946,test/20946.png,0,0,0,0,0,0,0,0,0,,,,
BAL,image,947,test/20947.png,0,0,0,0,0,0,0,0,0,,,,
BAL,image,948,test/20948.png,0,0,0,0,0,0,0,0,0,,,,
BAL,image,949,test/20949.png,0,0,0,0,0,0,0,0,0,,,,
BAL,image,950,test/20950.png,0,0,0,0,0,0,0,0,0,,,,
BAL,image,951,test/20951.png,0,0,0,0,0,0,0,0,0,,,,
BAL,image,952,test/20952.png,4096,3974,3948,32,6,3942,116,0,0,0.97021484375,0.9638671875,0.0078125,0.00146484375
BAL,image,953,test/20953.png,0,0,0,0,0,0,0,0,0,,,,
BAL,image,954,test/20954.png,0,0,0,0,0,0,0,0,0,,,,
BAL,image,955,test/20955.png,0,0,0,0,0,0,0,0,0,,,,
BAL,image,956,test/20956.png,1152,1114,1107,8,1,1106,37,0,0,0.9670138888888888,0.9609375,0.006944444444444444,0.0008680555555555555
BAL,image,957,test/20957.png,0,0,0,0,0,0,0,0,0,,,,
BAL,image,958,test/20958.png,0,0,0,0,0,0,0,0,0,,,,
BAL,image,959,test/20959.png,1152,1152,1152,0,0,1152,0,0,0,1.0,1.0,0.0,0.0
BAL,image,960,test/20960.png,0,0,0,0,0,0,0,0,0,,,,
BAL,image,961,test/20961.png,0,0,0,0,0,0,0,0,0,,,,
BAL,image,962,test/20962.png,0,0,0,0,0,0,0,0,0,,,,
BAL,image,963,test/20963.png,0,0,0,0,0,0,0,0,0,,,,
BAL,image,964,test/20964.png,0,0,0,0,0,0,0,0,0,,,,
BAL,image,965,test/20965.png,0,0,0,0,0,0,0,0,0,,,,
BAL,image,966,test/20966.png,0,0,0,0,0,0,0,0,0,,,,
BAL,image,967,test/20967.png,0,0,0,0,0,0,0,0,0,,,,
BAL,image,968,test/20968.png,0,0,0,0,0,0,0,0,0,,,,
BAL,image,969,test/20969.png,1920,1880,1865,22,7,1858,33,0,0,0.9791666666666666,0.9713541666666666,0.011458333333333333,0.0036458333333333334
BAL,image,970,test/20970.png,0,0,0,0,0,0,0,0,0,,,,
BAL,image,971,test/20971.png,0,0,0,0,0,0,0,0,0,,,,
BAL,image,972,test/20972.png,0,0,0,0,0,0,0,0,0,,,,
BAL,image,973,test/20973.png,0,0,0,0,0,0,0,0,0,,,,
BAL,image,974,test/20974.png,0,0,0,0,0,0,0,0,0,,,,
BAL,image,975,test/20975.png,0,0,0,0,0,0,0,0,0,,,,
BAL,image,976,test/20976.png,0,0,0,0,0,0,0,0,0,,,,
BAL,image,977,test/20977.png,0,0,0,0,0,0,0,0,0,,,,
BAL,image,978,test/20978.png,0,0,0,0,0,0,0,0,0,,,,
BAL,image,979,test/20979.png,0,0,0,0,0,0,0,0,0,,,,
BAL,image,980,test/20980.png,0,0,0,0,0,0,0,0,0,,,,
BAL,image,981,test/20981.png,0,0,0,0,0,0,0,0,0,,,,
BAL,image,982,test/20982.png,0,0,0,0,0,0,0,0,0,,,,
BAL,image,983,test/20983.png,0,0,0,0,0,0,0,0,0,,,,
BAL,image,984,test/20984.png,0,0,0,0,0,0,0,0,0,,,,
BAL,image,985,test/20985.png,0,0,0,0,0,0,0,0,0,,,,
BAL,image,986,test/20986.png,0,0,0,0,0,0,0,0,0,,,,
BAL,image,987,test/20987.png,0,0,0,0,0,0,0,0,0,,,,
BAL,image,988,test/20988.png,0,0,0,0,0,0,0,0,0,,,,
BAL,image,989,test/20989.png,0,0,0,0,0,0,0,0,0,,,,
BAL,image,990,test/20990.png,0,0,0,0,0,0,0,0,0,,,,
BAL,image,991,test/20991.png,0,0,0,0,0,0,0,0,0,,,,
BAL,image,992,test/20992.png,0,0,0,0,0,0,0,0,0,,,,
BAL,image,993,test/20993.png,0,0,0,0,0,0,0,0,0,,,,
BAL,image,994,test/20994.png,0,0,0,0,0,0,0,0,0,,,,
BAL,image,995,test/20995.png,0,0,0,0,0,0,0,0,0,,,,
BAL,image,996,test/20996.png,0,0,0,0,0,0,0,0,0,,,,
BAL,image,997,test/20997.png,0,0,0,0,0,0,0,0,0,,,,
BAL,image,998,test/20998.png,0,0,0,0,0,0,0,0,0,,,,
BAL,image,999,test/20999.png,0,0,0,0,0,0,0,0,0,,,,
BAL,image,1000,test/21000.png,0,0,0,0,0,0,0,0,0,,,,
BAL,image,1001,test/21001.png,0,0,0,0,0,0,0,0,0,,,,
BAL,image,1002,test/21002.png,0,0,0,0,0,0,0,0,0,,,,
BAL,image,1003,test/21003.png,0,0,0,0,0,0,0,0,0,,,,
BAL,aggregate,-1,__ALL__,194240,189460,188988,1341,869,188119,3911,0,0,0.9753912685337727,0.9729612850082372,0.006903830313014827,0.004473846787479407
DUP,image,0,test/20000.png,0,0,0,0,0,0,0,0,0,,,,
DUP,image,1,test/20001.png,0,0,0,0,0,0,0,0,0,,,,
DUP,image,2,test/20002.png,0,0,0,0,0,0,0,0,0,,,,
DUP,image,3,test/20003.png,0,0,0,0,0,0,0,0,0,,,,
DUP,image,4,test/20004.png,0,0,0,0,0,0,0,0,0,,,,
DUP,image,5,test/20005.png,0,0,0,0,0,0,0,0,0,,,,
DUP,image,6,test/20006.png,0,0,0,0,0,0,0,0,0,,,,
DUP,image,7,test/20007.png,0,0,0,0,0,0,0,0,0,,,,
DUP,image,8,test/20008.png,0,0,0,0,0,0,0,0,0,,,,
DUP,image,9,test/20009.png,0,0,0,0,0,0,0,0,0,,,,
DUP,image,10,test/20010.png,0,0,0,0,0,0,0,0,0,,,,
DUP,image,11,test/20011.png,0,0,0,0,0,0,0,0,0,,,,
DUP,image,12,test/20012.png,0,0,0,0,0,0,0,0,0,,,,
DUP,image,13,test/20013.png,0,0,0,0,0,0,0,0,0,,,,
DUP,image,14,test/20014.png,0,0,0,0,0,0,0,0,0,,,,
DUP,image,15,test/20015.png,0,0,0,0,0,0,0,0,0,,,,
DUP,image,16,test/20016.png,0,0,0,0,0,0,0,0,0,,,,
DUP,image,17,test/20017.png,0,0,0,0,0,0,0,0,0,,,,
DUP,image,18,test/20018.png,0,0,0,0,0,0,0,0,0,,,,
DUP,image,19,test/20019.png,0,0,0,0,0,0,0,0,0,,,,
DUP,image,20,test/20020.png,0,0,0,0,0,0,0,0,0,,,,
DUP,image,21,test/20021.png,0,0,0,0,0,0,0,0,0,,,,
DUP,image,22,test/20022.png,0,0,0,0,0,0,0,0,0,,,,
DUP,image,23,test/20023.png,0,0,0,0,0,0,0,0,0,,,,
DUP,image,24,test/20024.png,0,0,0,0,0,0,0,0,0,,,,
DUP,image,25,test/20025.png,0,0,0,0,0,0,0,0,0,,,,
DUP,image,26,test/20026.png,0,0,0,0,0,0,0,0,0,,,,
DUP,image,27,test/20027.png,0,0,0,0,0,0,0,0,0,,,,
DUP,image,28,test/20028.png,0,0,0,0,0,0,0,0,0,,,,
DUP,image,29,test/20029.png,0,0,0,0,0,0,0,0,0,,,,
DUP,image,30,test/20030.png,0,0,0,0,0,0,0,0,0,,,,
DUP,image,31,test/20031.png,0,0,0,0,0,0,0,0,0,,,,
DUP,image,32,test/20032.png,0,0,0,0,0,0,0,0,0,,,,
DUP,image,33,test/20033.png,0,0,0,0,0,0,0,0,0,,,,
DUP,image,34,test/20034.png,0,0,0,0,0,0,0,0,0,,,,
DUP,image,35,test/20035.png,0,0,0,0,0,0,0,0,0,,,,
DUP,image,36,test/20036.png,0,0,0,0,0,0,0,0,0,,,,
DUP,image,37,test/20037.png,0,0,0,0,0,0,0,0,0,,,,
DUP,image,38,test/20038.png,0,0,0,0,0,0,0,0,0,,,,
DUP,image,39,test/20039.png,0,0,0,0,0,0,0,0,0,,,,
DUP,image,40,test/20040.png,0,0,0,0,0,0,0,0,0,,,,
DUP,image,41,test/20041.png,0,0,0,0,0,0,0,0,0,,,,
DUP,image,42,test/20042.png,2560,2554,2556,0,2,2554,4,0,0,0.99765625,0.9984375,0.0,0.00078125
DUP,image,43,test/20043.png,0,0,0,0,0,0,0,0,0,,,,
DUP,image,44,test/20044.png,0,0,0,0,0,0,0,0,0,,,,
DUP,image,45,test/20045.png,0,0,0,0,0,0,0,0,0,,,,
DUP,image,46,test/20046.png,0,0,0,0,0,0,0,0,0,,,,
DUP,image,47,test/20047.png,0,0,0,0,0,0,0,0,0,,,,
DUP,image,48,test/20048.png,0,0,0,0,0,0,0,0,0,,,,
DUP,image,49,test/20049.png,0,0,0,0,0,0,0,0,0,,,,
DUP,image,50,test/20050.png,0,0,0,0,0,0,0,0,0,,,,
DUP,image,51,test/20051.png,0,0,0,0,0,0,0,0,0,,,,
DUP,image,52,test/20052.png,0,0,0,0,0,0,0,0,0,,,,
DUP,image,53,test/20053.png,0,0,0,0,0,0,0,0,0,,,,
DUP,image,54,test/20054.png,0,0,0,0,0,0,0,0,0,,,,
DUP,image,55,test/20055.png,0,0,0,0,0,0,0,0,0,,,,
DUP,image,56,test/20056.png,832,829,830,0,1,829,2,0,0,0.9963942307692307,0.9975961538461539,0.0,0.001201923076923077
DUP,image,57,test/20057.png,0,0,0,0,0,0,0,0,0,,,,
DUP,image,58,test/20058.png,0,0,0,0,0,0,0,0,0,,,,
DUP,image,59,test/20059.png,0,0,0,0,0,0,0,0,0,,,,
DUP,image,60,test/20060.png,0,0,0,0,0,0,0,0,0,,,,
DUP,image,61,test/20061.png,0,0,0,0,0,0,0,0,0,,,,
DUP,image,62,test/20062.png,0,0,0,0,0,0,0,0,0,,,,
DUP,image,63,test/20063.png,0,0,0,0,0,0,0,0,0,,,,
DUP,image,64,test/20064.png,0,0,0,0,0,0,0,0,0,,,,
DUP,image,65,test/20065.png,0,0,0,0,0,0,0,0,0,,,,
DUP,image,66,test/20066.png,0,0,0,0,0,0,0,0,0,,,,
DUP,image,67,test/20067.png,0,0,0,0,0,0,0,0,0,,,,
DUP,image,68,test/20068.png,1216,1209,1208,1,0,1208,7,0,0,0.9942434210526315,0.993421052631579,0.0008223684210526315,0.0
DUP,image,69,test/20069.png,0,0,0,0,0,0,0,0,0,,,,
DUP,image,70,test/20070.png,0,0,0,0,0,0,0,0,0,,,,
DUP,image,71,test/20071.png,0,0,0,0,0,0,0,0,0,,,,
DUP,image,72,test/20072.png,0,0,0,0,0,0,0,0,0,,,,
DUP,image,73,test/20073.png,0,0,0,0,0,0,0,0,0,,,,
DUP,image,74,test/20074.png,0,0,0,0,0,0,0,0,0,,,,
DUP,image,75,test/20075.png,0,0,0,0,0,0,0,0,0,,,,
DUP,image,76,test/20076.png,0,0,0,0,0,0,0,0,0,,,,
DUP,image,77,test/20077.png,0,0,0,0,0,0,0,0,0,,,,
DUP,image,78,test/20078.png,0,0,0,0,0,0,0,0,0,,,,
DUP,image,79,test/20079.png,0,0,0,0,0,0,0,0,0,,,,
DUP,image,80,test/20080.png,0,0,0,0,0,0,0,0,0,,,,
DUP,image,81,test/20081.png,0,0,0,0,0,0,0,0,0,,,,
DUP,image,82,test/20082.png,0,0,0,0,0,0,0,0,0,,,,
DUP,image,83,test/20083.png,0,0,0,0,0,0,0,0,0,,,,
DUP,image,84,test/20084.png,2368,2361,2354,8,1,2353,6,0,0,0.997043918918919,0.9940878378378378,0.0033783783783783786,0.0004222972972972973
DUP,image,85,test/20085.png,0,0,0,0,0,0,0,0,0,,,,
DUP,image,86,test/20086.png,0,0,0,0,0,0,0,0,0,,,,
DUP,image,87,test/20087.png,0,0,0,0,0,0,0,0,0,,,,
DUP,image,88,test/20088.png,0,0,0,0,0,0,0,0,0,,,,
DUP,image,89,test/20089.png,0,0,0,0,0,0,0,0,0,,,,
DUP,image,90,test/20090.png,0,0,0,0,0,0,0,0,0,,,,
DUP,image,91,test/20091.png,0,0,0,0,0,0,0,0,0,,,,
DUP,image,92,test/20092.png,0,0,0,0,0,0,0,0,0,,,,
DUP,image,93,test/20093.png,0,0,0,0,0,0,0,0,0,,,,
DUP,image,94,test/20094.png,0,0,0,0,0,0,0,0,0,,,,
DUP,image,95,test/20095.png,2176,2147,2153,1,7,2146,22,0,0,0.9866727941176471,0.9894301470588235,0.00045955882352941176,0.003216911764705882
DUP,image,96,test/20096.png,0,0,0,0,0,0,0,0,0,,,,
DUP,image,97,test/20097.png,0,0,0,0,0,0,0,0,0,,,,
DUP,image,98,test/20098.png,0,0,0,0,0,0,0,0,0,,,,
DUP,image,99,test/20099.png,1728,1718,1717,1,0,1717,10,0,0,0.9942129629629629,0.9936342592592593,0.0005787037037037037,0.0
DUP,image,100,test/20100.png,0,0,0,0,0,0,0,0,0,,,,
DUP,image,101,test/20101.png,0,0,0,0,0,0,0,0,0,,,,
DUP,image,102,test/20102.png,0,0,0,0,0,0,0,0,0,,,,
DUP,image,103,test/20103.png,0,0,0,0,0,0,0,0,0,,,,
DUP,image,104,test/20104.png,0,0,0,0,0,0,0,0,0,,,,
DUP,image,105,test/20105.png,0,0,0,0,0,0,0,0,0,,,,
DUP,image,106,test/20106.png,0,0,0,0,0,0,0,0,0,,,,
DUP,image,107,test/20107.png,0,0,0,0,0,0,0,0,0,,,,
DUP,image,108,test/20108.png,0,0,0,0,0,0,0,0,0,,,,
DUP,image,109,test/20109.png,0,0,0,0,0,0,0,0,0,,,,
DUP,image,110,test/20110.png,0,0,0,0,0,0,0,0,0,,,,
DUP,image,111,test/20111.png,0,0,0,0,0,0,0,0,0,,,,
DUP,image,112,test/20112.png,0,0,0,0,0,0,0,0,0,,,,
DUP,image,113,test/20113.png,0,0,0,0,0,0,0,0,0,,,,
DUP,image,114,test/20114.png,0,0,0,0,0,0,0,0,0,,,,
DUP,image,115,test/20115.png,0,0,0,0,0,0,0,0,0,,,,
DUP,image,116,test/20116.png,0,0,0,0,0,0,0,0,0,,,,
DUP,image,117,test/20117.png,2048,2011,2004,9,2,2002,35,0,0,0.98193359375,0.978515625,0.00439453125,0.0009765625
DUP,image,118,test/20118.png,2368,2113,2124,6,17,2107,238,0,0,0.8923141891891891,0.8969594594594594,0.002533783783783784,0.0071790540540540545
DUP,image,119,test/20119.png,0,0,0,0,0,0,0,0,0,,,,
DUP,image,120,test/20120.png,0,0,0,0,0,0,0,0,0,,,,
DUP,image,121,test/20121.png,3136,3117,3108,9,0,3108,19,0,0,0.9939413265306123,0.9910714285714286,0.0028698979591836736,0.0
DUP,image,122,test/20122.png,0,0,0,0,0,0,0,0,0,,,,
DUP,image,123,test/20123.png,0,0,0,0,0,0,0,0,0,,,,
DUP,image,124,test/20124.png,0,0,0,0,0,0,0,0,0,,,,
DUP,image,125,test/20125.png,1152,1152,1152,0,0,1152,0,0,0,1.0,1.0,0.0,0.0
DUP,image,126,test/20126.png,0,0,0,0,0,0,0,0,0,,,,
DUP,image,127,test/20127.png,0,0,0,0,0,0,0,0,0,,,,
DUP,image,128,test/20128.png,0,0,0,0,0,0,0,0,0,,,,
DUP,image,129,test/20129.png,1152,1149,1149,0,0,1149,3,0,0,0.9973958333333334,0.9973958333333334,0.0,0.0
DUP,image,130,test/20130.png,960,957,960,0,3,957,0,0,0,0.996875,1.0,0.0,0.003125
DUP,image,131,test/20131.png,0,0,0,0,0,0,0,0,0,,,,
DUP,image,132,test/20132.png,0,0,0,0,0,0,0,0,0,,,,
DUP,image,133,test/20133.png,0,0,0,0,0,0,0,0,0,,,,
DUP,image,134,test/20134.png,0,0,0,0,0,0,0,0,0,,,,
DUP,image,135,test/20135.png,0,0,0,0,0,0,0,0,0,,,,
DUP,image,136,test/20136.png,0,0,0,0,0,0,0,0,0,,,,
DUP,image,137,test/20137.png,0,0,0,0,0,0,0,0,0,,,,
DUP,image,138,test/20138.png,0,0,0,0,0,0,0,0,0,,,,
DUP,image,139,test/20139.png,384,334,328,7,1,327,49,0,0,0.8697916666666666,0.8541666666666666,0.018229166666666668,0.0026041666666666665
DUP,image,140,test/20140.png,0,0,0,0,0,0,0,0,0,,,,
DUP,image,141,test/20141.png,1856,1716,1736,14,34,1702,106,0,0,0.9245689655172413,0.9353448275862069,0.007543103448275862,0.018318965517241378
DUP,image,142,test/20142.png,896,700,707,1,8,699,188,0,0,0.78125,0.7890625,0.0011160714285714285,0.008928571428571428
DUP,image,143,test/20143.png,0,0,0,0,0,0,0,0,0,,,,
DUP,image,144,test/20144.png,0,0,0,0,0,0,0,0,0,,,,
DUP,image,145,test/20145.png,0,0,0,0,0,0,0,0,0,,,,
DUP,image,146,test/20146.png,0,0,0,0,0,0,0,0,0,,,,
DUP,image,147,test/20147.png,0,0,0,0,0,0,0,0,0,,,,
DUP,image,148,test/20148.png,0,0,0,0,0,0,0,0,0,,,,
DUP,image,149,test/20149.png,0,0,0,0,0,0,0,0,0,,,,
DUP,image,150,test/20150.png,0,0,0,0,0,0,0,0,0,,,,
DUP,image,151,test/20151.png,0,0,0,0,0,0,0,0,0,,,,
DUP,image,152,test/20152.png,0,0,0,0,0,0,0,0,0,,,,
DUP,image,153,test/20153.png,0,0,0,0,0,0,0,0,0,,,,
DUP,image,154,test/20154.png,0,0,0,0,0,0,0,0,0,,,,
DUP,image,155,test/20155.png,768,743,745,5,7,738,18,0,0,0.9674479166666666,0.9700520833333334,0.006510416666666667,0.009114583333333334
DUP,image,156,test/20156.png,0,0,0,0,0,0,0,0,0,,,,
DUP,image,157,test/20157.png,0,0,0,0,0,0,0,0,0,,,,
DUP,image,158,test/20158.png,4096,4042,4052,0,10,4042,44,0,0,0.98681640625,0.9892578125,0.0,0.00244140625
DUP,image,159,test/20159.png,832,802,806,2,6,800,24,0,0,0.9639423076923077,0.96875,0.002403846153846154,0.007211538461538462
DUP,image,160,test/20160.png,0,0,0,0,0,0,0,0,0,,,,
DUP,image,161,test/20161.png,0,0,0,0,0,0,0,0,0,,,,
DUP,image,162,test/20162.png,0,0,0,0,0,0,0,0,0,,,,
DUP,image,163,test/20163.png,0,0,0,0,0,0,0,0,0,,,,
DUP,image,164,test/20164.png,0,0,0,0,0,0,0,0,0,,,,
DUP,image,165,test/20165.png,0,0,0,0,0,0,0,0,0,,,,
DUP,image,166,test/20166.png,0,0,0,0,0,0,0,0,0,,,,
DUP,image,167,test/20167.png,0,0,0,0,0,0,0,0,0,,,,
DUP,image,168,test/20168.png,0,0,0,0,0,0,0,0,0,,,,
DUP,image,169,test/20169.png,0,0,0,0,0,0,0,0,0,,,,
DUP,image,170,test/20170.png,0,0,0,0,0,0,0,0,0,,,,
DUP,image,171,test/20171.png,0,0,0,0,0,0,0,0,0,,,,
DUP,image,172,test/20172.png,1344,1343,1341,2,0,1341,1,0,0,0.9992559523809523,0.9977678571428571,0.001488095238095238,0.0
DUP,image,173,test/20173.png,0,0,0,0,0,0,0,0,0,,,,
DUP,image,174,test/20174.png,0,0,0,0,0,0,0,0,0,,,,
DUP,image,175,test/20175.png,704,697,698,1,2,696,5,0,0,0.9900568181818182,0.9914772727272727,0.0014204545454545455,0.002840909090909091
DUP,image,176,test/20176.png,0,0,0,0,0,0,0,0,0,,,,
DUP,image,177,test/20177.png,640,580,586,0,6,580,54,0,0,0.90625,0.915625,0.0,0.009375
DUP,image,178,test/20178.png,0,0,0,0,0,0,0,0,0,,,,
DUP,image,179,test/20179.png,0,0,0,0,0,0,0,0,0,,,,
DUP,image,180,test/20180.png,0,0,0,0,0,0,0,0,0,,,,
DUP,image,181,test/20181.png,0,0,0,0,0,0,0,0,0,,,,
DUP,image,182,test/20182.png,0,0,0,0,0,0,0,0,0,,,,
DUP,image,183,test/20183.png,0,0,0,0,0,0,0,0,0,,,,
DUP,image,184,test/20184.png,0,0,0,0,0,0,0,0,0,,,,
DUP,image,185,test/20185.png,0,0,0,0,0,0,0,0,0,,,,
DUP,image,186,test/20186.png,0,0,0,0,0,0,0,0,0,,,,
DUP,image,187,test/20187.png,0,0,0,0,0,0,0,0,0,,,,
DUP,image,188,test/20188.png,0,0,0,0,0,0,0,0,0,,,,
DUP,image,189,test/20189.png,0,0,0,0,0,0,0,0,0,,,,
DUP,image,190,test/20190.png,2304,2304,2304,0,0,2304,0,0,0,1.0,1.0,0.0,0.0
DUP,image,191,test/20191.png,0,0,0,0,0,0,0,0,0,,,,
DUP,image,192,test/20192.png,0,0,0,0,0,0,0,0,0,,,,
DUP,image,193,test/20193.png,4096,3842,3829,35,22,3807,232,0,0,0.93798828125,0.934814453125,0.008544921875,0.00537109375
DUP,image,194,test/20194.png,0,0,0,0,0,0,0,0,0,,,,
DUP,image,195,test/20195.png,0,0,0,0,0,0,0,0,0,,,,
DUP,image,196,test/20196.png,0,0,0,0,0,0,0,0,0,,,,
DUP,image,197,test/20197.png,0,0,0,0,0,0,0,0,0,,,,
DUP,image,198,test/20198.png,0,0,0,0,0,0,0,0,0,,,,
DUP,image,199,test/20199.png,0,0,0,0,0,0,0,0,0,,,,
DUP,image,200,test/20200.png,0,0,0,0,0,0,0,0,0,,,,
DUP,image,201,test/20201.png,0,0,0,0,0,0,0,0,0,,,,
DUP,image,202,test/20202.png,0,0,0,0,0,0,0,0,0,,,,
DUP,image,203,test/20203.png,0,0,0,0,0,0,0,0,0,,,,
DUP,image,204,test/20204.png,1920,1919,1919,0,0,1919,1,0,0,0.9994791666666667,0.9994791666666667,0.0,0.0
DUP,image,205,test/20205.png,0,0,0,0,0,0,0,0,0,,,,
DUP,image,206,test/20206.png,0,0,0,0,0,0,0,0,0,,,,
DUP,image,207,test/20207.png,0,0,0,0,0,0,0,0,0,,,,
DUP,image,208,test/20208.png,0,0,0,0,0,0,0,0,0,,,,
DUP,image,209,test/20209.png,4096,3990,3992,7,9,3983,97,0,0,0.97412109375,0.974609375,0.001708984375,0.002197265625
DUP,image,210,test/20210.png,0,0,0,0,0,0,0,0,0,,,,
DUP,image,211,test/20211.png,0,0,0,0,0,0,0,0,0,,,,
DUP,image,212,test/20212.png,0,0,0,0,0,0,0,0,0,,,,
DUP,image,213,test/20213.png,0,0,0,0,0,0,0,0,0,,,,
DUP,image,214,test/20214.png,0,0,0,0,0,0,0,0,0,,,,
DUP,image,215,test/20215.png,0,0,0,0,0,0,0,0,0,,,,
DUP,image,216,test/20216.png,0,0,0,0,0,0,0,0,0,,,,
DUP,image,217,test/20217.png,1408,1406,1405,2,1,1404,1,0,0,0.9985795454545454,0.9978693181818182,0.0014204545454545455,0.0007102272727272727
DUP,image,218,test/20218.png,0,0,0,0,0,0,0,0,0,,,,
DUP,image,219,test/20219.png,0,0,0,0,0,0,0,0,0,,,,
DUP,image,220,test/20220.png,0,0,0,0,0,0,0,0,0,,,,
DUP,image,221,test/20221.png,0,0,0,0,0,0,0,0,0,,,,
DUP,image,222,test/20222.png,0,0,0,0,0,0,0,0,0,,,,
DUP,image,223,test/20223.png,0,0,0,0,0,0,0,0,0,,,,
DUP,image,224,test/20224.png,0,0,0,0,0,0,0,0,0,,,,
DUP,image,225,test/20225.png,0,0,0,0,0,0,0,0,0,,,,
DUP,image,226,test/20226.png,0,0,0,0,0,0,0,0,0,,,,
DUP,image,227,test/20227.png,0,0,0,0,0,0,0,0,0,,,,
DUP,image,228,test/20228.png,128,30,49,1,20,29,78,0,0,0.234375,0.3828125,0.0078125,0.15625
DUP,image,229,test/20229.png,0,0,0,0,0,0,0,0,0,,,,
DUP,image,230,test/20230.png,0,0,0,0,0,0,0,0,0,,,,
DUP,image,231,test/20231.png,320,310,313,0,3,310,7,0,0,0.96875,0.978125,0.0,0.009375
DUP,image,232,test/20232.png,0,0,0,0,0,0,0,0,0,,,,
DUP,image,233,test/20233.png,0,0,0,0,0,0,0,0,0,,,,
DUP,image,234,test/20234.png,0,0,0,0,0,0,0,0,0,,,,
DUP,image,235,test/20235.png,0,0,0,0,0,0,0,0,0,,,,
DUP,image,236,test/20236.png,384,229,235,1,7,228,148,0,0,0.5963541666666666,0.6119791666666666,0.0026041666666666665,0.018229166666666668
DUP,image,237,test/20237.png,0,0,0,0,0,0,0,0,0,,,,
DUP,image,238,test/20238.png,0,0,0,0,0,0,0,0,0,,,,
DUP,image,239,test/20239.png,0,0,0,0,0,0,0,0,0,,,,
DUP,image,240,test/20240.png,0,0,0,0,0,0,0,0,0,,,,
DUP,image,241,test/20241.png,0,0,0,0,0,0,0,0,0,,,,
DUP,image,242,test/20242.png,0,0,0,0,0,0,0,0,0,,,,
DUP,image,243,test/20243.png,0,0,0,0,0,0,0,0,0,,,,
DUP,image,244,test/20244.png,0,0,0,0,0,0,0,0,0,,,,
DUP,image,245,test/20245.png,0,0,0,0,0,0,0,0,0,,,,
DUP,image,246,test/20246.png,832,830,831,0,1,830,1,0,0,0.9975961538461539,0.9987980769230769,0.0,0.001201923076923077
DUP,image,247,test/20247.png,0,0,0,0,0,0,0,0,0,,,,
DUP,image,248,test/20248.png,0,0,0,0,0,0,0,0,0,,,,
DUP,image,249,test/20249.png,0,0,0,0,0,0,0,0,0,,,,
DUP,image,250,test/20250.png,0,0,0,0,0,0,0,0,0,,,,
DUP,image,251,test/20251.png,0,0,0,0,0,0,0,0,0,,,,
DUP,image,252,test/20252.png,0,0,0,0,0,0,0,0,0,,,,
DUP,image,253,test/20253.png,0,0,0,0,0,0,0,0,0,,,,
DUP,image,254,test/20254.png,0,0,0,0,0,0,0,0,0,,,,
DUP,image,255,test/20255.png,0,0,0,0,0,0,0,0,0,,,,
DUP,image,256,test/20256.png,0,0,0,0,0,0,0,0,0,,,,
DUP,image,257,test/20257.png,0,0,0,0,0,0,0,0,0,,,,
DUP,image,258,test/20258.png,0,0,0,0,0,0,0,0,0,,,,
DUP,image,259,test/20259.png,448,400,398,8,6,392,42,0,0,0.8928571428571429,0.8883928571428571,0.017857142857142856,0.013392857142857142
DUP,image,260,test/20260.png,0,0,0,0,0,0,0,0,0,,,,
DUP,image,261,test/20261.png,0,0,0,0,0,0,0,0,0,,,,
DUP,image,262,test/20262.png,0,0,0,0,0,0,0,0,0,,,,
DUP,image,263,test/20263.png,0,0,0,0,0,0,0,0,0,,,,
DUP,image,264,test/20264.png,1920,1887,1886,6,5,1881,28,0,0,0.9828125,0.9822916666666667,0.003125,0.0026041666666666665
DUP,image,265,test/20265.png,0,0,0,0,0,0,0,0,0,,,,
DUP,image,266,test/20266.png,0,0,0,0,0,0,0,0,0,,,,
DUP,image,267,test/20267.png,0,0,0,0,0,0,0,0,0,,,,
DUP,image,268,test/20268.png,0,0,0,0,0,0,0,0,0,,,,
DUP,image,269,test/20269.png,0,0,0,0,0,0,0,0,0,,,,
DUP,image,270,test/20270.png,0,0,0,0,0,0,0,0,0,,,,
DUP,image,271,test/20271.png,0,0,0,0,0,0,0,0,0,,,,
DUP,image,272,test/20272.png,0,0,0,0,0,0,0,0,0,,,,
DUP,image,273,test/20273.png,0,0,0,0,0,0,0,0,0,,,,
DUP,image,274,test/20274.png,0,0,0,0,0,0,0,0,0,,,,
DUP,image,275,test/20275.png,192,192,192,0,0,192,0,0,0,1.0,1.0,0.0,0.0
DUP,image,276,test/20276.png,0,0,0,0,0,0,0,0,0,,,,
DUP,image,277,test/20277.png,0,0,0,0,0,0,0,0,0,,,,
DUP,image,278,test/20278.png,0,0,0,0,0,0,0,0,0,,,,
DUP,image,279,test/20279.png,0,0,0,0,0,0,0,0,0,,,,
DUP,image,280,test/20280.png,0,0,0,0,0,0,0,0,0,,,,
DUP,image,281,test/20281.png,1216,1045,1054,22,31,1023,140,0,0,0.859375,0.8667763157894737,0.018092105263157895,0.02549342105263158
DUP,image,282,test/20282.png,0,0,0,0,0,0,0,0,0,,,,
DUP,image,283,test/20283.png,0,0,0,0,0,0,0,0,0,,,,
DUP,image,284,test/20284.png,0,0,0,0,0,0,0,0,0,,,,
DUP,image,285,test/20285.png,0,0,0,0,0,0,0,0,0,,,,
DUP,image,286,test/20286.png,0,0,0,0,0,0,0,0,0,,,,
DUP,image,287,test/20287.png,0,0,0,0,0,0,0,0,0,,,,
DUP,image,288,test/20288.png,0,0,0,0,0,0,0,0,0,,,,
DUP,image,289,test/20289.png,0,0,0,0,0,0,0,0,0,,,,
DUP,image,290,test/20290.png,0,0,0,0,0,0,0,0,0,,,,
DUP,image,291,test/20291.png,0,0,0,0,0,0,0,0,0,,,,
DUP,image,292,test/20292.png,0,0,0,0,0,0,0,0,0,,,,
DUP,image,293,test/20293.png,0,0,0,0,0,0,0,0,0,,,,
DUP,image,294,test/20294.png,0,0,0,0,0,0,0,0,0,,,,
DUP,image,295,test/20295.png,832,826,820,6,0,820,6,0,0,0.9927884615384616,0.9855769230769231,0.007211538461538462,0.0
DUP,image,296,test/20296.png,0,0,0,0,0,0,0,0,0,,,,
DUP,image,297,test/20297.png,256,255,255,0,0,255,1,0,0,0.99609375,0.99609375,0.0,0.0
DUP,image,298,test/20298.png,0,0,0,0,0,0,0,0,0,,,,
DUP,image,299,test/20299.png,0,0,0,0,0,0,0,0,0,,,,
DUP,image,300,test/20300.png,0,0,0,0,0,0,0,0,0,,,,
DUP,image,301,test/20301.png,0,0,0,0,0,0,0,0,0,,,,
DUP,image,302,test/20302.png,0,0,0,0,0,0,0,0,0,,,,
DUP,image,303,test/20303.png,0,0,0,0,0,0,0,0,0,,,,
DUP,image,304,test/20304.png,0,0,0,0,0,0,0,0,0,,,,
DUP,image,305,test/20305.png,0,0,0,0,0,0,0,0,0,,,,
DUP,image,306,test/20306.png,0,0,0,0,0,0,0,0,0,,,,
DUP,image,307,test/20307.png,0,0,0,0,0,0,0,0,0,,,,
DUP,image,308,test/20308.png,0,0,0,0,0,0,0,0,0,,,,
DUP,image,309,test/20309.png,0,0,0,0,0,0,0,0,0,,,,
DUP,image,310,test/20310.png,0,0,0,0,0,0,0,0,0,,,,
DUP,image,311,test/20311.png,0,0,0,0,0,0,0,0,0,,,,
DUP,image,312,test/20312.png,0,0,0,0,0,0,0,0,0,,,,
DUP,image,313,test/20313.png,0,0,0,0,0,0,0,0,0,,,,
DUP,image,314,test/20314.png,0,0,0,0,0,0,0,0,0,,,,
DUP,image,315,test/20315.png,0,0,0,0,0,0,0,0,0,,,,
DUP,image,316,test/20316.png,0,0,0,0,0,0,0,0,0,,,,
DUP,image,317,test/20317.png,0,0,0,0,0,0,0,0,0,,,,
DUP,image,318,test/20318.png,0,0,0,0,0,0,0,0,0,,,,
DUP,image,319,test/20319.png,576,556,561,1,6,555,14,0,0,0.9652777777777778,0.9739583333333334,0.001736111111111111,0.010416666666666666
DUP,image,320,test/20320.png,0,0,0,0,0,0,0,0,0,,,,
DUP,image,321,test/20321.png,0,0,0,0,0,0,0,0,0,,,,
DUP,image,322,test/20322.png,0,0,0,0,0,0,0,0,0,,,,
DUP,image,323,test/20323.png,0,0,0,0,0,0,0,0,0,,,,
DUP,image,324,test/20324.png,0,0,0,0,0,0,0,0,0,,,,
DUP,image,325,test/20325.png,0,0,0,0,0,0,0,0,0,,,,
DUP,image,326,test/20326.png,0,0,0,0,0,0,0,0,0,,,,
DUP,image,327,test/20327.png,0,0,0,0,0,0,0,0,0,,,,
DUP,image,328,test/20328.png,0,0,0,0,0,0,0,0,0,,,,
DUP,image,329,test/20329.png,0,0,0,0,0,0,0,0,0,,,,
DUP,image,330,test/20330.png,0,0,0,0,0,0,0,0,0,,,,
DUP,image,331,test/20331.png,0,0,0,0,0,0,0,0,0,,,,
DUP,image,332,test/20332.png,0,0,0,0,0,0,0,0,0,,,,
DUP,image,333,test/20333.png,0,0,0,0,0,0,0,0,0,,,,
DUP,image,334,test/20334.png,2944,2903,2891,14,2,2889,39,0,0,0.9860733695652174,0.9819972826086957,0.004755434782608696,0.0006793478260869565
DUP,image,335,test/20335.png,0,0,0,0,0,0,0,0,0,,,,
DUP,image,336,test/20336.png,0,0,0,0,0,0,0,0,0,,,,
DUP,image,337,test/20337.png,0,0,0,0,0,0,0,0,0,,,,
DUP,image,338,test/20338.png,0,0,0,0,0,0,0,0,0,,,,
DUP,image,339,test/20339.png,0,0,0,0,0,0,0,0,0,,,,
DUP,image,340,test/20340.png,0,0,0,0,0,0,0,0,0,,,,
DUP,image,341,test/20341.png,0,0,0,0,0,0,0,0,0,,,,
DUP,image,342,test/20342.png,0,0,0,0,0,0,0,0,0,,,,
DUP,image,343,test/20343.png,0,0,0,0,0,0,0,0,0,,,,
DUP,image,344,test/20344.png,0,0,0,0,0,0,0,0,0,,,,
DUP,image,345,test/20345.png,0,0,0,0,0,0,0,0,0,,,,
DUP,image,346,test/20346.png,0,0,0,0,0,0,0,0,0,,,,
DUP,image,347,test/20347.png,0,0,0,0,0,0,0,0,0,,,,
DUP,image,348,test/20348.png,0,0,0,0,0,0,0,0,0,,,,
DUP,image,349,test/20349.png,0,0,0,0,0,0,0,0,0,,,,
DUP,image,350,test/20350.png,0,0,0,0,0,0,0,0,0,,,,
DUP,image,351,test/20351.png,0,0,0,0,0,0,0,0,0,,,,
DUP,image,352,test/20352.png,0,0,0,0,0,0,0,0,0,,,,
DUP,image,353,test/20353.png,0,0,0,0,0,0,0,0,0,,,,
DUP,image,354,test/20354.png,0,0,0,0,0,0,0,0,0,,,,
DUP,image,355,test/20355.png,0,0,0,0,0,0,0,0,0,,,,
DUP,image,356,test/20356.png,0,0,0,0,0,0,0,0,0,,,,
DUP,image,357,test/20357.png,0,0,0,0,0,0,0,0,0,,,,
DUP,image,358,test/20358.png,0,0,0,0,0,0,0,0,0,,,,
DUP,image,359,test/20359.png,0,0,0,0,0,0,0,0,0,,,,
DUP,image,360,test/20360.png,0,0,0,0,0,0,0,0,0,,,,
DUP,image,361,test/20361.png,0,0,0,0,0,0,0,0,0,,,,
DUP,image,362,test/20362.png,0,0,0,0,0,0,0,0,0,,,,
DUP,image,363,test/20363.png,0,0,0,0,0,0,0,0,0,,,,
DUP,image,364,test/20364.png,0,0,0,0,0,0,0,0,0,,,,
DUP,image,365,test/20365.png,0,0,0,0,0,0,0,0,0,,,,
DUP,image,366,test/20366.png,0,0,0,0,0,0,0,0,0,,,,
DUP,image,367,test/20367.png,0,0,0,0,0,0,0,0,0,,,,
DUP,image,368,test/20368.png,0,0,0,0,0,0,0,0,0,,,,
DUP,image,369,test/20369.png,0,0,0,0,0,0,0,0,0,,,,
DUP,image,370,test/20370.png,0,0,0,0,0,0,0,0,0,,,,
DUP,image,371,test/20371.png,0,0,0,0,0,0,0,0,0,,,,
DUP,image,372,test/20372.png,0,0,0,0,0,0,0,0,0,,,,
DUP,image,373,test/20373.png,0,0,0,0,0,0,0,0,0,,,,
DUP,image,374,test/20374.png,0,0,0,0,0,0,0,0,0,,,,
DUP,image,375,test/20375.png,0,0,0,0,0,0,0,0,0,,,,
DUP,image,376,test/20376.png,0,0,0,0,0,0,0,0,0,,,,
DUP,image,377,test/20377.png,0,0,0,0,0,0,0,0,0,,,,
DUP,image,378,test/20378.png,1472,1472,1472,0,0,1472,0,0,0,1.0,1.0,0.0,0.0
DUP,image,379,test/20379.png,0,0,0,0,0,0,0,0,0,,,,
DUP,image,380,test/20380.png,0,0,0,0,0,0,0,0,0,,,,
DUP,image,381,test/20381.png,0,0,0,0,0,0,0,0,0,,,,
DUP,image,382,test/20382.png,0,0,0,0,0,0,0,0,0,,,,
DUP,image,383,test/20383.png,0,0,0,0,0,0,0,0,0,,,,
DUP,image,384,test/20384.png,0,0,0,0,0,0,0,0,0,,,,
DUP,image,385,test/20385.png,0,0,0,0,0,0,0,0,0,,,,
DUP,image,386,test/20386.png,0,0,0,0,0,0,0,0,0,,,,
DUP,image,387,test/20387.png,0,0,0,0,0,0,0,0,0,,,,
DUP,image,388,test/20388.png,0,0,0,0,0,0,0,0,0,,,,
DUP,image,389,test/20389.png,0,0,0,0,0,0,0,0,0,,,,
DUP,image,390,test/20390.png,0,0,0,0,0,0,0,0,0,,,,
DUP,image,391,test/20391.png,0,0,0,0,0,0,0,0,0,,,,
DUP,image,392,test/20392.png,4096,4005,3986,21,2,3984,89,0,0,0.977783203125,0.97314453125,0.005126953125,0.00048828125
DUP,image,393,test/20393.png,0,0,0,0,0,0,0,0,0,,,,
DUP,image,394,test/20394.png,0,0,0,0,0,0,0,0,0,,,,
DUP,image,395,test/20395.png,0,0,0,0,0,0,0,0,0,,,,
DUP,image,396,test/20396.png,0,0,0,0,0,0,0,0,0,,,,
DUP,image,397,test/20397.png,0,0,0,0,0,0,0,0,0,,,,
DUP,image,398,test/20398.png,0,0,0,0,0,0,0,0,0,,,,
DUP,image,399,test/20399.png,0,0,0,0,0,0,0,0,0,,,,
DUP,image,400,test/20400.png,0,0,0,0,0,0,0,0,0,,,,
DUP,image,401,test/20401.png,0,0,0,0,0,0,0,0,0,,,,
DUP,image,402,test/20402.png,0,0,0,0,0,0,0,0,0,,,,
DUP,image,403,test/20403.png,4096,4009,3993,20,4,3989,83,0,0,0.978759765625,0.974853515625,0.0048828125,0.0009765625
DUP,image,404,test/20404.png,0,0,0,0,0,0,0,0,0,,,,
DUP,image,405,test/20405.png,0,0,0,0,0,0,0,0,0,,,,
DUP,image,406,test/20406.png,0,0,0,0,0,0,0,0,0,,,,
DUP,image,407,test/20407.png,0,0,0,0,0,0,0,0,0,,,,
DUP,image,408,test/20408.png,0,0,0,0,0,0,0,0,0,,,,
DUP,image,409,test/20409.png,0,0,0,0,0,0,0,0,0,,,,
DUP,image,410,test/20410.png,0,0,0,0,0,0,0,0,0,,,,
DUP,image,411,test/20411.png,0,0,0,0,0,0,0,0,0,,,,
DUP,image,412,test/20412.png,0,0,0,0,0,0,0,0,0,,,,
DUP,image,413,test/20413.png,0,0,0,0,0,0,0,0,0,,,,
DUP,image,414,test/20414.png,0,0,0,0,0,0,0,0,0,,,,
DUP,image,415,test/20415.png,0,0,0,0,0,0,0,0,0,,,,
DUP,image,416,test/20416.png,4096,3948,3954,4,10,3944,138,0,0,0.9638671875,0.96533203125,0.0009765625,0.00244140625
DUP,image,417,test/20417.png,0,0,0,0,0,0,0,0,0,,,,
DUP,image,418,test/20418.png,0,0,0,0,0,0,0,0,0,,,,
DUP,image,419,test/20419.png,0,0,0,0,0,0,0,0,0,,,,
DUP,image,420,test/20420.png,0,0,0,0,0,0,0,0,0,,,,
DUP,image,421,test/20421.png,0,0,0,0,0,0,0,0,0,,,,
DUP,image,422,test/20422.png,0,0,0,0,0,0,0,0,0,,,,
DUP,image,423,test/20423.png,0,0,0,0,0,0,0,0,0,,,,
DUP,image,424,test/20424.png,0,0,0,0,0,0,0,0,0,,,,
DUP,image,425,test/20425.png,0,0,0,0,0,0,0,0,0,,,,
DUP,image,426,test/20426.png,448,445,446,0,1,445,2,0,0,0.9933035714285714,0.9955357142857143,0.0,0.002232142857142857
DUP,image,427,test/20427.png,0,0,0,0,0,0,0,0,0,,,,
DUP,image,428,test/20428.png,896,896,896,0,0,896,0,0,0,1.0,1.0,0.0,0.0
DUP,image,429,test/20429.png,0,0,0,0,0,0,0,0,0,,,,
DUP,image,430,test/20430.png,0,0,0,0,0,0,0,0,0,,,,
DUP,image,431,test/20431.png,0,0,0,0,0,0,0,0,0,,,,
DUP,image,432,test/20432.png,0,0,0,0,0,0,0,0,0,,,,
DUP,image,433,test/20433.png,0,0,0,0,0,0,0,0,0,,,,
DUP,image,434,test/20434.png,1600,1559,1566,3,10,1556,31,0,0,0.974375,0.97875,0.001875,0.00625
DUP,image,435,test/20435.png,0,0,0,0,0,0,0,0,0,,,,
DUP,image,436,test/20436.png,0,0,0,0,0,0,0,0,0,,,,
DUP,image,437,test/20437.png,0,0,0,0,0,0,0,0,0,,,,
DUP,image,438,test/20438.png,0,0,0,0,0,0,0,0,0,,,,
DUP,image,439,test/20439.png,4096,3695,3665,54,24,3641,377,0,0,0.902099609375,0.894775390625,0.01318359375,0.005859375
DUP,image,440,test/20440.png,0,0,0,0,0,0,0,0,0,,,,
DUP,image,441,test/20441.png,0,0,0,0,0,0,0,0,0,,,,
DUP,image,442,test/20442.png,0,0,0,0,0,0,0,0,0,,,,
DUP,image,443,test/20443.png,0,0,0,0,0,0,0,0,0,,,,
DUP,image,444,test/20444.png,0,0,0,0,0,0,0,0,0,,,,
DUP,image,445,test/20445.png,0,0,0,0,0,0,0,0,0,,,,
DUP,image,446,test/20446.png,0,0,0,0,0,0,0,0,0,,,,
DUP,image,447,test/20447.png,0,0,0,0,0,0,0,0,0,,,,
DUP,image,448,test/20448.png,0,0,0,0,0,0,0,0,0,,,,
DUP,image,449,test/20449.png,0,0,0,0,0,0,0,0,0,,,,
DUP,image,450,test/20450.png,0,0,0,0,0,0,0,0,0,,,,
DUP,image,451,test/20451.png,0,0,0,0,0,0,0,0,0,,,,
DUP,image,452,test/20452.png,640,640,640,0,0,640,0,0,0,1.0,1.0,0.0,0.0
DUP,image,453,test/20453.png,0,0,0,0,0,0,0,0,0,,,,
DUP,image,454,test/20454.png,0,0,0,0,0,0,0,0,0,,,,
DUP,image,455,test/20455.png,0,0,0,0,0,0,0,0,0,,,,
DUP,image,456,test/20456.png,0,0,0,0,0,0,0,0,0,,,,
DUP,image,457,test/20457.png,3712,3617,3624,5,12,3612,83,0,0,0.9744073275862069,0.9762931034482759,0.0013469827586206897,0.003232758620689655
DUP,image,458,test/20458.png,0,0,0,0,0,0,0,0,0,,,,
DUP,image,459,test/20459.png,0,0,0,0,0,0,0,0,0,,,,
DUP,image,460,test/20460.png,0,0,0,0,0,0,0,0,0,,,,
DUP,image,461,test/20461.png,0,0,0,0,0,0,0,0,0,,,,
DUP,image,462,test/20462.png,0,0,0,0,0,0,0,0,0,,,,
DUP,image,463,test/20463.png,0,0,0,0,0,0,0,0,0,,,,
DUP,image,464,test/20464.png,0,0,0,0,0,0,0,0,0,,,,
DUP,image,465,test/20465.png,2496,2430,2431,5,6,2425,60,0,0,0.9735576923076923,0.9739583333333334,0.002003205128205128,0.002403846153846154
DUP,image,466,test/20466.png,0,0,0,0,0,0,0,0,0,,,,
DUP,image,467,test/20467.png,0,0,0,0,0,0,0,0,0,,,,
DUP,image,468,test/20468.png,0,0,0,0,0,0,0,0,0,,,,
DUP,image,469,test/20469.png,0,0,0,0,0,0,0,0,0,,,,
DUP,image,470,test/20470.png,0,0,0,0,0,0,0,0,0,,,,
DUP,image,471,test/20471.png,0,0,0,0,0,0,0,0,0,,,,
DUP,image,472,test/20472.png,0,0,0,0,0,0,0,0,0,,,,
DUP,image,473,test/20473.png,0,0,0,0,0,0,0,0,0,,,,
DUP,image,474,test/20474.png,0,0,0,0,0,0,0,0,0,,,,
DUP,image,475,test/20475.png,0,0,0,0,0,0,0,0,0,,,,
DUP,image,476,test/20476.png,0,0,0,0,0,0,0,0,0,,,,
DUP,image,477,test/20477.png,0,0,0,0,0,0,0,0,0,,,,
DUP,image,478,test/20478.png,0,0,0,0,0,0,0,0,0,,,,
DUP,image,479,test/20479.png,0,0,0,0,0,0,0,0,0,,,,
DUP,image,480,test/20480.png,0,0,0,0,0,0,0,0,0,,,,
DUP,image,481,test/20481.png,0,0,0,0,0,0,0,0,0,,,,
DUP,image,482,test/20482.png,0,0,0,0,0,0,0,0,0,,,,
DUP,image,483,test/20483.png,0,0,0,0,0,0,0,0,0,,,,
DUP,image,484,test/20484.png,0,0,0,0,0,0,0,0,0,,,,
DUP,image,485,test/20485.png,0,0,0,0,0,0,0,0,0,,,,
DUP,image,486,test/20486.png,960,950,951,0,1,950,9,0,0,0.9895833333333334,0.990625,0.0,0.0010416666666666667
DUP,image,487,test/20487.png,832,831,831,0,0,831,1,0,0,0.9987980769230769,0.9987980769230769,0.0,0.0
DUP,image,488,test/20488.png,0,0,0,0,0,0,0,0,0,,,,
DUP,image,489,test/20489.png,0,0,0,0,0,0,0,0,0,,,,
DUP,image,490,test/20490.png,0,0,0,0,0,0,0,0,0,,,,
DUP,image,491,test/20491.png,0,0,0,0,0,0,0,0,0,,,,
DUP,image,492,test/20492.png,0,0,0,0,0,0,0,0,0,,,,
DUP,image,493,test/20493.png,0,0,0,0,0,0,0,0,0,,,,
DUP,image,494,test/20494.png,0,0,0,0,0,0,0,0,0,,,,
DUP,image,495,test/20495.png,0,0,0,0,0,0,0,0,0,,,,
DUP,image,496,test/20496.png,0,0,0,0,0,0,0,0,0,,,,
DUP,image,497,test/20497.png,0,0,0,0,0,0,0,0,0,,,,
DUP,image,498,test/20498.png,0,0,0,0,0,0,0,0,0,,,,
DUP,image,499,test/20499.png,0,0,0,0,0,0,0,0,0,,,,
DUP,image,500,test/20500.png,0,0,0,0,0,0,0,0,0,,,,
DUP,image,501,test/20501.png,0,0,0,0,0,0,0,0,0,,,,
DUP,image,502,test/20502.png,4096,3923,3915,23,15,3900,158,0,0,0.957763671875,0.955810546875,0.005615234375,0.003662109375
DUP,image,503,test/20503.png,0,0,0,0,0,0,0,0,0,,,,
DUP,image,504,test/20504.png,0,0,0,0,0,0,0,0,0,,,,
DUP,image,505,test/20505.png,0,0,0,0,0,0,0,0,0,,,,
DUP,image,506,test/20506.png,0,0,0,0,0,0,0,0,0,,,,
DUP,image,507,test/20507.png,0,0,0,0,0,0,0,0,0,,,,
DUP,image,508,test/20508.png,0,0,0,0,0,0,0,0,0,,,,
DUP,image,509,test/20509.png,0,0,0,0,0,0,0,0,0,,,,
DUP,image,510,test/20510.png,0,0,0,0,0,0,0,0,0,,,,
DUP,image,511,test/20511.png,0,0,0,0,0,0,0,0,0,,,,
DUP,image,512,test/20512.png,0,0,0,0,0,0,0,0,0,,,,
DUP,image,513,test/20513.png,0,0,0,0,0,0,0,0,0,,,,
DUP,image,514,test/20514.png,0,0,0,0,0,0,0,0,0,,,,
DUP,image,515,test/20515.png,0,0,0,0,0,0,0,0,0,,,,
DUP,image,516,test/20516.png,0,0,0,0,0,0,0,0,0,,,,
DUP,image,517,test/20517.png,3648,3601,3607,0,6,3601,41,0,0,0.9871162280701754,0.9887609649122807,0.0,0.001644736842105263
DUP,image,518,test/20518.png,0,0,0,0,0,0,0,0,0,,,,
DUP,image,519,test/20519.png,0,0,0,0,0,0,0,0,0,,,,
DUP,image,520,test/20520.png,0,0,0,0,0,0,0,0,0,,,,
DUP,image,521,test/20521.png,0,0,0,0,0,0,0,0,0,,,,
DUP,image,522,test/20522.png,0,0,0,0,0,0,0,0,0,,,,
DUP,image,523,test/20523.png,1088,1080,1078,3,1,1077,7,0,0,0.9926470588235294,0.9908088235294118,0.0027573529411764708,0.0009191176470588235
DUP,image,524,test/20524.png,0,0,0,0,0,0,0,0,0,,,,
DUP,image,525,test/20525.png,0,0,0,0,0,0,0,0,0,,,,
DUP,image,526,test/20526.png,0,0,0,0,0,0,0,0,0,,,,
DUP,image,527,test/20527.png,0,0,0,0,0,0,0,0,0,,,,
DUP,image,528,test/20528.png,0,0,0,0,0,0,0,0,0,,,,
DUP,image,529,test/20529.png,0,0,0,0,0,0,0,0,0,,,,
DUP,image,530,test/20530.png,0,0,0,0,0,0,0,0,0,,,,
DUP,image,531,test/20531.png,0,0,0,0,0,0,0,0,0,,,,
DUP,image,532,test/20532.png,0,0,0,0,0,0,0,0,0,,,,
DUP,image,533,test/20533.png,0,0,0,0,0,0,0,0,0,,,,
DUP,image,534,test/20534.png,0,0,0,0,0,0,0,0,0,,,,
DUP,image,535,test/20535.png,1664,1660,1660,0,0,1660,4,0,0,0.9975961538461539,0.9975961538461539,0.0,0.0
DUP,image,536,test/20536.png,0,0,0,0,0,0,0,0,0,,,,
DUP,image,537,test/20537.png,0,0,0,0,0,0,0,0,0,,,,
DUP,image,538,test/20538.png,0,0,0,0,0,0,0,0,0,,,,
DUP,image,539,test/20539.png,0,0,0,0,0,0,0,0,0,,,,
DUP,image,540,test/20540.png,0,0,0,0,0,0,0,0,0,,,,
DUP,image,541,test/20541.png,0,0,0,0,0,0,0,0,0,,,,
DUP,image,542,test/20542.png,0,0,0,0,0,0,0,0,0,,,,
DUP,image,543,test/20543.png,512,512,512,0,0,512,0,0,0,1.0,1.0,0.0,0.0
DUP,image,544,test/20544.png,320,317,317,0,0,317,3,0,0,0.990625,0.990625,0.0,0.0
DUP,image,545,test/20545.png,0,0,0,0,0,0,0,0,0,,,,
DUP,image,546,test/20546.png,256,256,256,0,0,256,0,0,0,1.0,1.0,0.0,0.0
DUP,image,547,test/20547.png,0,0,0,0,0,0,0,0,0,,,,
DUP,image,548,test/20548.png,0,0,0,0,0,0,0,0,0,,,,
DUP,image,549,test/20549.png,0,0,0,0,0,0,0,0,0,,,,
DUP,image,550,test/20550.png,0,0,0,0,0,0,0,0,0,,,,
DUP,image,551,test/20551.png,0,0,0,0,0,0,0,0,0,,,,
DUP,image,552,test/20552.png,0,0,0,0,0,0,0,0,0,,,,
DUP,image,553,test/20553.png,0,0,0,0,0,0,0,0,0,,,,
DUP,image,554,test/20554.png,0,0,0,0,0,0,0,0,0,,,,
DUP,image,555,test/20555.png,0,0,0,0,0,0,0,0,0,,,,
DUP,image,556,test/20556.png,0,0,0,0,0,0,0,0,0,,,,
DUP,image,557,test/20557.png,0,0,0,0,0,0,0,0,0,,,,
DUP,image,558,test/20558.png,0,0,0,0,0,0,0,0,0,,,,
DUP,image,559,test/20559.png,0,0,0,0,0,0,0,0,0,,,,
DUP,image,560,test/20560.png,0,0,0,0,0,0,0,0,0,,,,
DUP,image,561,test/20561.png,1792,1786,1787,0,1,1786,5,0,0,0.9966517857142857,0.9972098214285714,0.0,0.0005580357142857143
DUP,image,562,test/20562.png,0,0,0,0,0,0,0,0,0,,,,
DUP,image,563,test/20563.png,0,0,0,0,0,0,0,0,0,,,,
DUP,image,564,test/20564.png,512,506,503,4,1,502,5,0,0,0.98828125,0.982421875,0.0078125,0.001953125
DUP,image,565,test/20565.png,0,0,0,0,0,0,0,0,0,,,,
DUP,image,566,test/20566.png,0,0,0,0,0,0,0,0,0,,,,
DUP,image,567,test/20567.png,0,0,0,0,0,0,0,0,0,,,,
DUP,image,568,test/20568.png,0,0,0,0,0,0,0,0,0,,,,
DUP,image,569,test/20569.png,0,0,0,0,0,0,0,0,0,,,,
DUP,image,570,test/20570.png,0,0,0,0,0,0,0,0,0,,,,
DUP,image,571,test/20571.png,0,0,0,0,0,0,0,0,0,,,,
DUP,image,572,test/20572.png,0,0,0,0,0,0,0,0,0,,,,
DUP,image,573,test/20573.png,0,0,0,0,0,0,0,0,0,,,,
DUP,image,574,test/20574.png,0,0,0,0,0,0,0,0,0,,,,
DUP,image,575,test/20575.png,0,0,0,0,0,0,0,0,0,,,,
DUP,image,576,test/20576.png,0,0,0,0,0,0,0,0,0,,,,
DUP,image,577,test/20577.png,0,0,0,0,0,0,0,0,0,,,,
DUP,image,578,test/20578.png,0,0,0,0,0,0,0,0,0,,,,
DUP,image,579,test/20579.png,0,0,0,0,0,0,0,0,0,,,,
DUP,image,580,test/20580.png,0,0,0,0,0,0,0,0,0,,,,
DUP,image,581,test/20581.png,0,0,0,0,0,0,0,0,0,,,,
DUP,image,582,test/20582.png,0,0,0,0,0,0,0,0,0,,,,
DUP,image,583,test/20583.png,0,0,0,0,0,0,0,0,0,,,,
DUP,image,584,test/20584.png,0,0,0,0,0,0,0,0,0,,,,
DUP,image,585,test/20585.png,0,0,0,0,0,0,0,0,0,,,,
DUP,image,586,test/20586.png,0,0,0,0,0,0,0,0,0,,,,
DUP,image,587,test/20587.png,1152,1152,1152,0,0,1152,0,0,0,1.0,1.0,0.0,0.0
DUP,image,588,test/20588.png,0,0,0,0,0,0,0,0,0,,,,
DUP,image,589,test/20589.png,0,0,0,0,0,0,0,0,0,,,,
DUP,image,590,test/20590.png,0,0,0,0,0,0,0,0,0,,,,
DUP,image,591,test/20591.png,0,0,0,0,0,0,0,0,0,,,,
DUP,image,592,test/20592.png,0,0,0,0,0,0,0,0,0,,,,
DUP,image,593,test/20593.png,0,0,0,0,0,0,0,0,0,,,,
DUP,image,594,test/20594.png,0,0,0,0,0,0,0,0,0,,,,
DUP,image,595,test/20595.png,0,0,0,0,0,0,0,0,0,,,,
DUP,image,596,test/20596.png,0,0,0,0,0,0,0,0,0,,,,
DUP,image,597,test/20597.png,0,0,0,0,0,0,0,0,0,,,,
DUP,image,598,test/20598.png,0,0,0,0,0,0,0,0,0,,,,
DUP,image,599,test/20599.png,1984,1974,1976,0,2,1974,8,0,0,0.9949596774193549,0.9959677419354839,0.0,0.0010080645161290322
DUP,image,600,test/20600.png,1536,1423,1421,6,4,1417,109,0,0,0.9264322916666666,0.9251302083333334,0.00390625,0.0026041666666666665
DUP,image,601,test/20601.png,0,0,0,0,0,0,0,0,0,,,,
DUP,image,602,test/20602.png,0,0,0,0,0,0,0,0,0,,,,
DUP,image,603,test/20603.png,0,0,0,0,0,0,0,0,0,,,,
DUP,image,604,test/20604.png,0,0,0,0,0,0,0,0,0,,,,
DUP,image,605,test/20605.png,0,0,0,0,0,0,0,0,0,,,,
DUP,image,606,test/20606.png,0,0,0,0,0,0,0,0,0,,,,
DUP,image,607,test/20607.png,0,0,0,0,0,0,0,0,0,,,,
DUP,image,608,test/20608.png,0,0,0,0,0,0,0,0,0,,,,
DUP,image,609,test/20609.png,0,0,0,0,0,0,0,0,0,,,,
DUP,image,610,test/20610.png,0,0,0,0,0,0,0,0,0,,,,
DUP,image,611,test/20611.png,0,0,0,0,0,0,0,0,0,,,,
DUP,image,612,test/20612.png,0,0,0,0,0,0,0,0,0,,,,
DUP,image,613,test/20613.png,0,0,0,0,0,0,0,0,0,,,,
DUP,image,614,test/20614.png,0,0,0,0,0,0,0,0,0,,,,
DUP,image,615,test/20615.png,0,0,0,0,0,0,0,0,0,,,,
DUP,image,616,test/20616.png,0,0,0,0,0,0,0,0,0,,,,
DUP,image,617,test/20617.png,0,0,0,0,0,0,0,0,0,,,,
DUP,image,618,test/20618.png,0,0,0,0,0,0,0,0,0,,,,
DUP,image,619,test/20619.png,0,0,0,0,0,0,0,0,0,,,,
DUP,image,620,test/20620.png,0,0,0,0,0,0,0,0,0,,,,
DUP,image,621,test/20621.png,0,0,0,0,0,0,0,0,0,,,,
DUP,image,622,test/20622.png,0,0,0,0,0,0,0,0,0,,,,
DUP,image,623,test/20623.png,0,0,0,0,0,0,0,0,0,,,,
DUP,image,624,test/20624.png,2048,2004,2004,5,5,1999,39,0,0,0.978515625,0.978515625,0.00244140625,0.00244140625
DUP,image,625,test/20625.png,1600,1545,1544,10,9,1535,46,0,0,0.965625,0.965,0.00625,0.005625
DUP,image,626,test/20626.png,0,0,0,0,0,0,0,0,0,,,,
DUP,image,627,test/20627.png,0,0,0,0,0,0,0,0,0,,,,
DUP,image,628,test/20628.png,0,0,0,0,0,0,0,0,0,,,,
DUP,image,629,test/20629.png,0,0,0,0,0,0,0,0,0,,,,
DUP,image,630,test/20630.png,0,0,0,0,0,0,0,0,0,,,,
DUP,image,631,test/20631.png,0,0,0,0,0,0,0,0,0,,,,
DUP,image,632,test/20632.png,640,616,609,9,2,607,22,0,0,0.9625,0.9515625,0.0140625,0.003125
DUP,image,633,test/20633.png,0,0,0,0,0,0,0,0,0,,,,
DUP,image,634,test/20634.png,0,0,0,0,0,0,0,0,0,,,,
DUP,image,635,test/20635.png,0,0,0,0,0,0,0,0,0,,,,
DUP,image,636,test/20636.png,0,0,0,0,0,0,0,0,0,,,,
DUP,image,637,test/20637.png,0,0,0,0,0,0,0,0,0,,,,
DUP,image,638,test/20638.png,0,0,0,0,0,0,0,0,0,,,,
DUP,image,639,test/20639.png,0,0,0,0,0,0,0,0,0,,,,
DUP,image,640,test/20640.png,960,773,753,42,22,731,165,0,0,0.8052083333333333,0.784375,0.04375,0.022916666666666665
DUP,image,641,test/20641.png,0,0,0,0,0,0,0,0,0,,,,
DUP,image,642,test/20642.png,0,0,0,0,0,0,0,0,0,,,,
DUP,image,643,test/20643.png,0,0,0,0,0,0,0,0,0,,,,
DUP,image,644,test/20644.png,0,0,0,0,0,0,0,0,0,,,,
DUP,image,645,test/20645.png,0,0,0,0,0,0,0,0,0,,,,
DUP,image,646,test/20646.png,1344,1328,1327,3,2,1325,14,0,0,0.9880952380952381,0.9873511904761905,0.002232142857142857,0.001488095238095238
DUP,image,647,test/20647.png,0,0,0,0,0,0,0,0,0,,,,
DUP,image,648,test/20648.png,0,0,0,0,0,0,0,0,0,,,,
DUP,image,649,test/20649.png,0,0,0,0,0,0,0,0,0,,,,
DUP,image,650,test/20650.png,0,0,0,0,0,0,0,0,0,,,,
DUP,image,651,test/20651.png,0,0,0,0,0,0,0,0,0,,,,
DUP,image,652,test/20652.png,0,0,0,0,0,0,0,0,0,,,,
DUP,image,653,test/20653.png,0,0,0,0,0,0,0,0,0,,,,
DUP,image,654,test/20654.png,0,0,0,0,0,0,0,0,0,,,,
DUP,image,655,test/20655.png,0,0,0,0,0,0,0,0,0,,,,
DUP,image,656,test/20656.png,0,0,0,0,0,0,0,0,0,,,,
DUP,image,657,test/20657.png,0,0,0,0,0,0,0,0,0,,,,
DUP,image,658,test/20658.png,0,0,0,0,0,0,0,0,0,,,,
DUP,image,659,test/20659.png,0,0,0,0,0,0,0,0,0,,,,
DUP,image,660,test/20660.png,1344,1311,1313,2,4,1309,29,0,0,0.9754464285714286,0.9769345238095238,0.001488095238095238,0.002976190476190476
DUP,image,661,test/20661.png,0,0,0,0,0,0,0,0,0,,,,
DUP,image,662,test/20662.png,0,0,0,0,0,0,0,0,0,,,,
DUP,image,663,test/20663.png,0,0,0,0,0,0,0,0,0,,,,
DUP,image,664,test/20664.png,0,0,0,0,0,0,0,0,0,,,,
DUP,image,665,test/20665.png,2368,2280,2300,1,21,2279,67,0,0,0.9628378378378378,0.9712837837837838,0.0004222972972972973,0.008868243243243243
DUP,image,666,test/20666.png,0,0,0,0,0,0,0,0,0,,,,
DUP,image,667,test/20667.png,512,458,458,8,8,450,46,0,0,0.89453125,0.89453125,0.015625,0.015625
DUP,image,668,test/20668.png,0,0,0,0,0,0,0,0,0,,,,
DUP,image,669,test/20669.png,3136,3129,3130,1,2,3128,5,0,0,0.9977678571428571,0.9980867346938775,0.00031887755102040814,0.0006377551020408163
DUP,image,670,test/20670.png,0,0,0,0,0,0,0,0,0,,,,
DUP,image,671,test/20671.png,4096,3900,3880,29,9,3871,187,0,0,0.9521484375,0.947265625,0.007080078125,0.002197265625
DUP,image,672,test/20672.png,512,505,505,0,0,505,7,0,0,0.986328125,0.986328125,0.0,0.0
DUP,image,673,test/20673.png,0,0,0,0,0,0,0,0,0,,,,
DUP,image,674,test/20674.png,0,0,0,0,0,0,0,0,0,,,,
DUP,image,675,test/20675.png,0,0,0,0,0,0,0,0,0,,,,
DUP,image,676,test/20676.png,0,0,0,0,0,0,0,0,0,,,,
DUP,image,677,test/20677.png,0,0,0,0,0,0,0,0,0,,,,
DUP,image,678,test/20678.png,0,0,0,0,0,0,0,0,0,,,,
DUP,image,679,test/20679.png,0,0,0,0,0,0,0,0,0,,,,
DUP,image,680,test/20680.png,0,0,0,0,0,0,0,0,0,,,,
DUP,image,681,test/20681.png,0,0,0,0,0,0,0,0,0,,,,
DUP,image,682,test/20682.png,4096,4011,4009,4,2,4007,83,0,0,0.979248046875,0.978759765625,0.0009765625,0.00048828125
DUP,image,683,test/20683.png,0,0,0,0,0,0,0,0,0,,,,
DUP,image,684,test/20684.png,0,0,0,0,0,0,0,0,0,,,,
DUP,image,685,test/20685.png,2816,2756,2747,16,7,2740,53,0,0,0.9786931818181818,0.9754971590909091,0.005681818181818182,0.0024857954545454545
DUP,image,686,test/20686.png,0,0,0,0,0,0,0,0,0,,,,
DUP,image,687,test/20687.png,0,0,0,0,0,0,0,0,0,,,,
DUP,image,688,test/20688.png,0,0,0,0,0,0,0,0,0,,,,
DUP,image,689,test/20689.png,0,0,0,0,0,0,0,0,0,,,,
DUP,image,690,test/20690.png,0,0,0,0,0,0,0,0,0,,,,
DUP,image,691,test/20691.png,0,0,0,0,0,0,0,0,0,,,,
DUP,image,692,test/20692.png,0,0,0,0,0,0,0,0,0,,,,
DUP,image,693,test/20693.png,0,0,0,0,0,0,0,0,0,,,,
DUP,image,694,test/20694.png,0,0,0,0,0,0,0,0,0,,,,
DUP,image,695,test/20695.png,0,0,0,0,0,0,0,0,0,,,,
DUP,image,696,test/20696.png,0,0,0,0,0,0,0,0,0,,,,
DUP,image,697,test/20697.png,0,0,0,0,0,0,0,0,0,,,,
DUP,image,698,test/20698.png,0,0,0,0,0,0,0,0,0,,,,
DUP,image,699,test/20699.png,0,0,0,0,0,0,0,0,0,,,,
DUP,image,700,test/20700.png,0,0,0,0,0,0,0,0,0,,,,
DUP,image,701,test/20701.png,0,0,0,0,0,0,0,0,0,,,,
DUP,image,702,test/20702.png,0,0,0,0,0,0,0,0,0,,,,
DUP,image,703,test/20703.png,0,0,0,0,0,0,0,0,0,,,,
DUP,image,704,test/20704.png,0,0,0,0,0,0,0,0,0,,,,
DUP,image,705,test/20705.png,0,0,0,0,0,0,0,0,0,,,,
DUP,image,706,test/20706.png,0,0,0,0,0,0,0,0,0,,,,
DUP,image,707,test/20707.png,0,0,0,0,0,0,0,0,0,,,,
DUP,image,708,test/20708.png,0,0,0,0,0,0,0,0,0,,,,
DUP,image,709,test/20709.png,0,0,0,0,0,0,0,0,0,,,,
DUP,image,710,test/20710.png,0,0,0,0,0,0,0,0,0,,,,
DUP,image,711,test/20711.png,0,0,0,0,0,0,0,0,0,,,,
DUP,image,712,test/20712.png,0,0,0,0,0,0,0,0,0,,,,
DUP,image,713,test/20713.png,0,0,0,0,0,0,0,0,0,,,,
DUP,image,714,test/20714.png,0,0,0,0,0,0,0,0,0,,,,
DUP,image,715,test/20715.png,0,0,0,0,0,0,0,0,0,,,,
DUP,image,716,test/20716.png,0,0,0,0,0,0,0,0,0,,,,
DUP,image,717,test/20717.png,0,0,0,0,0,0,0,0,0,,,,
DUP,image,718,test/20718.png,0,0,0,0,0,0,0,0,0,,,,
DUP,image,719,test/20719.png,0,0,0,0,0,0,0,0,0,,,,
DUP,image,720,test/20720.png,0,0,0,0,0,0,0,0,0,,,,
DUP,image,721,test/20721.png,0,0,0,0,0,0,0,0,0,,,,
DUP,image,722,test/20722.png,0,0,0,0,0,0,0,0,0,,,,
DUP,image,723,test/20723.png,0,0,0,0,0,0,0,0,0,,,,
DUP,image,724,test/20724.png,1984,1927,1932,0,5,1927,52,0,0,0.9712701612903226,0.9737903225806451,0.0,0.0025201612903225806
DUP,image,725,test/20725.png,0,0,0,0,0,0,0,0,0,,,,
DUP,image,726,test/20726.png,0,0,0,0,0,0,0,0,0,,,,
DUP,image,727,test/20727.png,0,0,0,0,0,0,0,0,0,,,,
DUP,image,728,test/20728.png,0,0,0,0,0,0,0,0,0,,,,
DUP,image,729,test/20729.png,0,0,0,0,0,0,0,0,0,,,,
DUP,image,730,test/20730.png,0,0,0,0,0,0,0,0,0,,,,
DUP,image,731,test/20731.png,0,0,0,0,0,0,0,0,0,,,,
DUP,image,732,test/20732.png,0,0,0,0,0,0,0,0,0,,,,
DUP,image,733,test/20733.png,0,0,0,0,0,0,0,0,0,,,,
DUP,image,734,test/20734.png,0,0,0,0,0,0,0,0,0,,,,
DUP,image,735,test/20735.png,0,0,0,0,0,0,0,0,0,,,,
DUP,image,736,test/20736.png,0,0,0,0,0,0,0,0,0,,,,
DUP,image,737,test/20737.png,0,0,0,0,0,0,0,0,0,,,,
DUP,image,738,test/20738.png,768,765,765,0,0,765,3,0,0,0.99609375,0.99609375,0.0,0.0
DUP,image,739,test/20739.png,0,0,0,0,0,0,0,0,0,,,,
DUP,image,740,test/20740.png,0,0,0,0,0,0,0,0,0,,,,
DUP,image,741,test/20741.png,0,0,0,0,0,0,0,0,0,,,,
DUP,image,742,test/20742.png,0,0,0,0,0,0,0,0,0,,,,
DUP,image,743,test/20743.png,0,0,0,0,0,0,0,0,0,,,,
DUP,image,744,test/20744.png,2560,2002,1926,135,59,1867,499,0,0,0.78203125,0.75234375,0.052734375,0.023046875
DUP,image,745,test/20745.png,0,0,0,0,0,0,0,0,0,,,,
DUP,image,746,test/20746.png,0,0,0,0,0,0,0,0,0,,,,
DUP,image,747,test/20747.png,896,869,865,4,0,865,27,0,0,0.9698660714285714,0.9654017857142857,0.004464285714285714,0.0
DUP,image,748,test/20748.png,0,0,0,0,0,0,0,0,0,,,,
DUP,image,749,test/20749.png,0,0,0,0,0,0,0,0,0,,,,
DUP,image,750,test/20750.png,0,0,0,0,0,0,0,0,0,,,,
DUP,image,751,test/20751.png,0,0,0,0,0,0,0,0,0,,,,
DUP,image,752,test/20752.png,0,0,0,0,0,0,0,0,0,,,,
DUP,image,753,test/20753.png,0,0,0,0,0,0,0,0,0,,,,
DUP,image,754,test/20754.png,384,384,384,0,0,384,0,0,0,1.0,1.0,0.0,0.0
DUP,image,755,test/20755.png,0,0,0,0,0,0,0,0,0,,,,
DUP,image,756,test/20756.png,0,0,0,0,0,0,0,0,0,,,,
DUP,image,757,test/20757.png,0,0,0,0,0,0,0,0,0,,,,
DUP,image,758,test/20758.png,0,0,0,0,0,0,0,0,0,,,,
DUP,image,759,test/20759.png,0,0,0,0,0,0,0,0,0,,,,
DUP,image,760,test/20760.png,0,0,0,0,0,0,0,0,0,,,,
DUP,image,761,test/20761.png,0,0,0,0,0,0,0,0,0,,,,
DUP,image,762,test/20762.png,0,0,0,0,0,0,0,0,0,,,,
DUP,image,763,test/20763.png,0,0,0,0,0,0,0,0,0,,,,
DUP,image,764,test/20764.png,0,0,0,0,0,0,0,0,0,,,,
DUP,image,765,test/20765.png,1024,966,969,1,4,965,54,0,0,0.943359375,0.9462890625,0.0009765625,0.00390625
DUP,image,766,test/20766.png,0,0,0,0,0,0,0,0,0,,,,
DUP,image,767,test/20767.png,0,0,0,0,0,0,0,0,0,,,,
DUP,image,768,test/20768.png,0,0,0,0,0,0,0,0,0,,,,
DUP,image,769,test/20769.png,0,0,0,0,0,0,0,0,0,,,,
DUP,image,770,test/20770.png,0,0,0,0,0,0,0,0,0,,,,
DUP,image,771,test/20771.png,0,0,0,0,0,0,0,0,0,,,,
DUP,image,772,test/20772.png,2048,1540,1528,55,43,1485,465,0,0,0.751953125,0.74609375,0.02685546875,0.02099609375
DUP,image,773,test/20773.png,0,0,0,0,0,0,0,0,0,,,,
DUP,image,774,test/20774.png,0,0,0,0,0,0,0,0,0,,,,
DUP,image,775,test/20775.png,0,0,0,0,0,0,0,0,0,,,,
DUP,image,776,test/20776.png,0,0,0,0,0,0,0,0,0,,,,
DUP,image,777,test/20777.png,0,0,0,0,0,0,0,0,0,,,,
DUP,image,778,test/20778.png,0,0,0,0,0,0,0,0,0,,,,
DUP,image,779,test/20779.png,0,0,0,0,0,0,0,0,0,,,,
DUP,image,780,test/20780.png,0,0,0,0,0,0,0,0,0,,,,
DUP,image,781,test/20781.png,0,0,0,0,0,0,0,0,0,,,,
DUP,image,782,test/20782.png,0,0,0,0,0,0,0,0,0,,,,
DUP,image,783,test/20783.png,0,0,0,0,0,0,0,0,0,,,,
DUP,image,784,test/20784.png,4096,4013,4020,7,14,4006,69,0,0,0.979736328125,0.9814453125,0.001708984375,0.00341796875
DUP,image,785,test/20785.png,2944,2913,2917,1,5,2912,26,0,0,0.9894701086956522,0.990828804347826,0.00033967391304347825,0.0016983695652173913
DUP,image,786,test/20786.png,0,0,0,0,0,0,0,0,0,,,,
DUP,image,787,test/20787.png,0,0,0,0,0,0,0,0,0,,,,
DUP,image,788,test/20788.png,0,0,0,0,0,0,0,0,0,,,,
DUP,image,789,test/20789.png,0,0,0,0,0,0,0,0,0,,,,
DUP,image,790,test/20790.png,0,0,0,0,0,0,0,0,0,,,,
DUP,image,791,test/20791.png,0,0,0,0,0,0,0,0,0,,,,
DUP,image,792,test/20792.png,0,0,0,0,0,0,0,0,0,,,,
DUP,image,793,test/20793.png,0,0,0,0,0,0,0,0,0,,,,
DUP,image,794,test/20794.png,0,0,0,0,0,0,0,0,0,,,,
DUP,image,795,test/20795.png,0,0,0,0,0,0,0,0,0,,,,
DUP,image,796,test/20796.png,0,0,0,0,0,0,0,0,0,,,,
DUP,image,797,test/20797.png,0,0,0,0,0,0,0,0,0,,,,
DUP,image,798,test/20798.png,0,0,0,0,0,0,0,0,0,,,,
DUP,image,799,test/20799.png,0,0,0,0,0,0,0,0,0,,,,
DUP,image,800,test/20800.png,0,0,0,0,0,0,0,0,0,,,,
DUP,image,801,test/20801.png,448,410,409,2,1,408,37,0,0,0.9151785714285714,0.9129464285714286,0.004464285714285714,0.002232142857142857
DUP,image,802,test/20802.png,0,0,0,0,0,0,0,0,0,,,,
DUP,image,803,test/20803.png,0,0,0,0,0,0,0,0,0,,,,
DUP,image,804,test/20804.png,3648,3587,3577,16,6,3571,55,0,0,0.9832785087719298,0.9805372807017544,0.0043859649122807015,0.001644736842105263
DUP,image,805,test/20805.png,0,0,0,0,0,0,0,0,0,,,,
DUP,image,806,test/20806.png,0,0,0,0,0,0,0,0,0,,,,
DUP,image,807,test/20807.png,0,0,0,0,0,0,0,0,0,,,,
DUP,image,808,test/20808.png,0,0,0,0,0,0,0,0,0,,,,
DUP,image,809,test/20809.png,0,0,0,0,0,0,0,0,0,,,,
DUP,image,810,test/20810.png,0,0,0,0,0,0,0,0,0,,,,
DUP,image,811,test/20811.png,0,0,0,0,0,0,0,0,0,,,,
DUP,image,812,test/20812.png,0,0,0,0,0,0,0,0,0,,,,
DUP,image,813,test/20813.png,0,0,0,0,0,0,0,0,0,,,,
DUP,image,814,test/20814.png,0,0,0,0,0,0,0,0,0,,,,
DUP,image,815,test/20815.png,0,0,0,0,0,0,0,0,0,,,,
DUP,image,816,test/20816.png,256,256,254,2,0,254,0,0,0,1.0,0.9921875,0.0078125,0.0
DUP,image,817,test/20817.png,0,0,0,0,0,0,0,0,0,,,,
DUP,image,818,test/20818.png,0,0,0,0,0,0,0,0,0,,,,
DUP,image,819,test/20819.png,0,0,0,0,0,0,0,0,0,,,,
DUP,image,820,test/20820.png,0,0,0,0,0,0,0,0,0,,,,
DUP,image,821,test/20821.png,640,615,609,8,2,607,23,0,0,0.9609375,0.9515625,0.0125,0.003125
DUP,image,822,test/20822.png,0,0,0,0,0,0,0,0,0,,,,
DUP,image,823,test/20823.png,0,0,0,0,0,0,0,0,0,,,,
DUP,image,824,test/20824.png,0,0,0,0,0,0,0,0,0,,,,
DUP,image,825,test/20825.png,0,0,0,0,0,0,0,0,0,,,,
DUP,image,826,test/20826.png,0,0,0,0,0,0,0,0,0,,,,
DUP,image,827,test/20827.png,896,896,896,0,0,896,0,0,0,1.0,1.0,0.0,0.0
DUP,image,828,test/20828.png,0,0,0,0,0,0,0,0,0,,,,
DUP,image,829,test/20829.png,512,502,498,4,0,498,10,0,0,0.98046875,0.97265625,0.0078125,0.0
DUP,image,830,test/20830.png,0,0,0,0,0,0,0,0,0,,,,
DUP,image,831,test/20831.png,0,0,0,0,0,0,0,0,0,,,,
DUP,image,832,test/20832.png,0,0,0,0,0,0,0,0,0,,,,
DUP,image,833,test/20833.png,0,0,0,0,0,0,0,0,0,,,,
DUP,image,834,test/20834.png,2560,2550,2546,4,0,2546,10,0,0,0.99609375,0.99453125,0.0015625,0.0
DUP,image,835,test/20835.png,0,0,0,0,0,0,0,0,0,,,,
DUP,image,836,test/20836.png,0,0,0,0,0,0,0,0,0,,,,
DUP,image,837,test/20837.png,0,0,0,0,0,0,0,0,0,,,,
DUP,image,838,test/20838.png,0,0,0,0,0,0,0,0,0,,,,
DUP,image,839,test/20839.png,0,0,0,0,0,0,0,0,0,,,,
DUP,image,840,test/20840.png,0,0,0,0,0,0,0,0,0,,,,
DUP,image,841,test/20841.png,0,0,0,0,0,0,0,0,0,,,,
DUP,image,842,test/20842.png,0,0,0,0,0,0,0,0,0,,,,
DUP,image,843,test/20843.png,0,0,0,0,0,0,0,0,0,,,,
DUP,image,844,test/20844.png,0,0,0,0,0,0,0,0,0,,,,
DUP,image,845,test/20845.png,0,0,0,0,0,0,0,0,0,,,,
DUP,image,846,test/20846.png,0,0,0,0,0,0,0,0,0,,,,
DUP,image,847,test/20847.png,0,0,0,0,0,0,0,0,0,,,,
DUP,image,848,test/20848.png,3392,3328,3334,5,11,3323,53,0,0,0.9811320754716981,0.9829009433962265,0.001474056603773585,0.003242924528301887
DUP,image,849,test/20849.png,0,0,0,0,0,0,0,0,0,,,,
DUP,image,850,test/20850.png,0,0,0,0,0,0,0,0,0,,,,
DUP,image,851,test/20851.png,0,0,0,0,0,0,0,0,0,,,,
DUP,image,852,test/20852.png,0,0,0,0,0,0,0,0,0,,,,
DUP,image,853,test/20853.png,0,0,0,0,0,0,0,0,0,,,,
DUP,image,854,test/20854.png,0,0,0,0,0,0,0,0,0,,,,
DUP,image,855,test/20855.png,0,0,0,0,0,0,0,0,0,,,,
DUP,image,856,test/20856.png,0,0,0,0,0,0,0,0,0,,,,
DUP,image,857,test/20857.png,2752,2734,2731,4,1,2730,17,0,0,0.9934593023255814,0.9923691860465116,0.0014534883720930232,0.0003633720930232558
DUP,image,858,test/20858.png,0,0,0,0,0,0,0,0,0,,,,
DUP,image,859,test/20859.png,0,0,0,0,0,0,0,0,0,,,,
DUP,image,860,test/20860.png,0,0,0,0,0,0,0,0,0,,,,
DUP,image,861,test/20861.png,0,0,0,0,0,0,0,0,0,,,,
DUP,image,862,test/20862.png,0,0,0,0,0,0,0,0,0,,,,
DUP,image,863,test/20863.png,0,0,0,0,0,0,0,0,0,,,,
DUP,image,864,test/20864.png,0,0,0,0,0,0,0,0,0,,,,
DUP,image,865,test/20865.png,0,0,0,0,0,0,0,0,0,,,,
DUP,image,866,test/20866.png,0,0,0,0,0,0,0,0,0,,,,
DUP,image,867,test/20867.png,0,0,0,0,0,0,0,0,0,,,,
DUP,image,868,test/20868.png,0,0,0,0,0,0,0,0,0,,,,
DUP,image,869,test/20869.png,0,0,0,0,0,0,0,0,0,,,,
DUP,image,870,test/20870.png,2560,2513,2504,13,4,2500,43,0,0,0.981640625,0.978125,0.005078125,0.0015625
DUP,image,871,test/20871.png,0,0,0,0,0,0,0,0,0,,,,
DUP,image,872,test/20872.png,0,0,0,0,0,0,0,0,0,,,,
DUP,image,873,test/20873.png,0,0,0,0,0,0,0,0,0,,,,
DUP,image,874,test/20874.png,0,0,0,0,0,0,0,0,0,,,,
DUP,image,875,test/20875.png,0,0,0,0,0,0,0,0,0,,,,
DUP,image,876,test/20876.png,0,0,0,0,0,0,0,0,0,,,,
DUP,image,877,test/20877.png,0,0,0,0,0,0,0,0,0,,,,
DUP,image,878,test/20878.png,0,0,0,0,0,0,0,0,0,,,,
DUP,image,879,test/20879.png,0,0,0,0,0,0,0,0,0,,,,
DUP,image,880,test/20880.png,0,0,0,0,0,0,0,0,0,,,,
DUP,image,881,test/20881.png,3904,3887,3887,1,1,3886,16,0,0,0.9956454918032787,0.9956454918032787,0.00025614754098360657,0.00025614754098360657
DUP,image,882,test/20882.png,4096,3909,3902,12,5,3897,182,0,0,0.954345703125,0.95263671875,0.0029296875,0.001220703125
DUP,image,883,test/20883.png,0,0,0,0,0,0,0,0,0,,,,
DUP,image,884,test/20884.png,4096,3597,3632,45,80,3552,419,0,0,0.878173828125,0.88671875,0.010986328125,0.01953125
DUP,image,885,test/20885.png,0,0,0,0,0,0,0,0,0,,,,
DUP,image,886,test/20886.png,0,0,0,0,0,0,0,0,0,,,,
DUP,image,887,test/20887.png,0,0,0,0,0,0,0,0,0,,,,
DUP,image,888,test/20888.png,0,0,0,0,0,0,0,0,0,,,,
DUP,image,889,test/20889.png,0,0,0,0,0,0,0,0,0,,,,
DUP,image,890,test/20890.png,0,0,0,0,0,0,0,0,0,,,,
DUP,image,891,test/20891.png,704,685,678,8,1,677,18,0,0,0.9730113636363636,0.9630681818181818,0.011363636363636364,0.0014204545454545455
DUP,image,892,test/20892.png,1280,1280,1280,0,0,1280,0,0,0,1.0,1.0,0.0,0.0
DUP,image,893,test/20893.png,0,0,0,0,0,0,0,0,0,,,,
DUP,image,894,test/20894.png,0,0,0,0,0,0,0,0,0,,,,
DUP,image,895,test/20895.png,832,820,821,2,3,818,9,0,0,0.9855769230769231,0.9867788461538461,0.002403846153846154,0.003605769230769231
DUP,image,896,test/20896.png,0,0,0,0,0,0,0,0,0,,,,
DUP,image,897,test/20897.png,0,0,0,0,0,0,0,0,0,,,,
DUP,image,898,test/20898.png,0,0,0,0,0,0,0,0,0,,,,
DUP,image,899,test/20899.png,0,0,0,0,0,0,0,0,0,,,,
DUP,image,900,test/20900.png,0,0,0,0,0,0,0,0,0,,,,
DUP,image,901,test/20901.png,0,0,0,0,0,0,0,0,0,,,,
DUP,image,902,test/20902.png,1856,1856,1856,0,0,1856,0,0,0,1.0,1.0,0.0,0.0
DUP,image,903,test/20903.png,0,0,0,0,0,0,0,0,0,,,,
DUP,image,904,test/20904.png,0,0,0,0,0,0,0,0,0,,,,
DUP,image,905,test/20905.png,0,0,0,0,0,0,0,0,0,,,,
DUP,image,906,test/20906.png,0,0,0,0,0,0,0,0,0,,,,
DUP,image,907,test/20907.png,0,0,0,0,0,0,0,0,0,,,,
DUP,image,908,test/20908.png,0,0,0,0,0,0,0,0,0,,,,
DUP,image,909,test/20909.png,0,0,0,0,0,0,0,0,0,,,,
DUP,image,910,test/20910.png,0,0,0,0,0,0,0,0,0,,,,
DUP,image,911,test/20911.png,0,0,0,0,0,0,0,0,0,,,,
DUP,image,912,test/20912.png,768,764,762,2,0,762,4,0,0,0.9947916666666666,0.9921875,0.0026041666666666665,0.0
DUP,image,913,test/20913.png,0,0,0,0,0,0,0,0,0,,,,
DUP,image,914,test/20914.png,0,0,0,0,0,0,0,0,0,,,,
DUP,image,915,test/20915.png,0,0,0,0,0,0,0,0,0,,,,
DUP,image,916,test/20916.png,0,0,0,0,0,0,0,0,0,,,,
DUP,image,917,test/20917.png,0,0,0,0,0,0,0,0,0,,,,
DUP,image,918,test/20918.png,0,0,0,0,0,0,0,0,0,,,,
DUP,image,919,test/20919.png,0,0,0,0,0,0,0,0,0,,,,
DUP,image,920,test/20920.png,0,0,0,0,0,0,0,0,0,,,,
DUP,image,921,test/20921.png,0,0,0,0,0,0,0,0,0,,,,
DUP,image,922,test/20922.png,2176,2123,2124,5,6,2118,47,0,0,0.9756433823529411,0.9761029411764706,0.002297794117647059,0.0027573529411764708
DUP,image,923,test/20923.png,0,0,0,0,0,0,0,0,0,,,,
DUP,image,924,test/20924.png,0,0,0,0,0,0,0,0,0,,,,
DUP,image,925,test/20925.png,0,0,0,0,0,0,0,0,0,,,,
DUP,image,926,test/20926.png,0,0,0,0,0,0,0,0,0,,,,
DUP,image,927,test/20927.png,0,0,0,0,0,0,0,0,0,,,,
DUP,image,928,test/20928.png,0,0,0,0,0,0,0,0,0,,,,
DUP,image,929,test/20929.png,0,0,0,0,0,0,0,0,0,,,,
DUP,image,930,test/20930.png,0,0,0,0,0,0,0,0,0,,,,
DUP,image,931,test/20931.png,0,0,0,0,0,0,0,0,0,,,,
DUP,image,932,test/20932.png,0,0,0,0,0,0,0,0,0,,,,
DUP,image,933,test/20933.png,0,0,0,0,0,0,0,0,0,,,,
DUP,image,934,test/20934.png,0,0,0,0,0,0,0,0,0,,,,
DUP,image,935,test/20935.png,0,0,0,0,0,0,0,0,0,,,,
DUP,image,936,test/20936.png,0,0,0,0,0,0,0,0,0,,,,
DUP,image,937,test/20937.png,0,0,0,0,0,0,0,0,0,,,,
DUP,image,938,test/20938.png,0,0,0,0,0,0,0,0,0,,,,
DUP,image,939,test/20939.png,0,0,0,0,0,0,0,0,0,,,,
DUP,image,940,test/20940.png,0,0,0,0,0,0,0,0,0,,,,
DUP,image,941,test/20941.png,1024,1015,1017,0,2,1015,7,0,0,0.9912109375,0.9931640625,0.0,0.001953125
DUP,image,942,test/20942.png,256,256,256,0,0,256,0,0,0,1.0,1.0,0.0,0.0
DUP,image,943,test/20943.png,0,0,0,0,0,0,0,0,0,,,,
DUP,image,944,test/20944.png,0,0,0,0,0,0,0,0,0,,,,
DUP,image,945,test/20945.png,0,0,0,0,0,0,0,0,0,,,,
DUP,image,946,test/20946.png,0,0,0,0,0,0,0,0,0,,,,
DUP,image,947,test/20947.png,0,0,0,0,0,0,0,0,0,,,,
DUP,image,948,test/20948.png,0,0,0,0,0,0,0,0,0,,,,
DUP,image,949,test/20949.png,0,0,0,0,0,0,0,0,0,,,,
DUP,image,950,test/20950.png,0,0,0,0,0,0,0,0,0,,,,
DUP,image,951,test/20951.png,0,0,0,0,0,0,0,0,0,,,,
DUP,image,952,test/20952.png,4096,3957,3946,18,7,3939,132,0,0,0.966064453125,0.96337890625,0.00439453125,0.001708984375
DUP,image,953,test/20953.png,0,0,0,0,0,0,0,0,0,,,,
DUP,image,954,test/20954.png,0,0,0,0,0,0,0,0,0,,,,
DUP,image,955,test/20955.png,0,0,0,0,0,0,0,0,0,,,,
DUP,image,956,test/20956.png,1152,1115,1115,3,3,1112,34,0,0,0.9678819444444444,0.9678819444444444,0.0026041666666666665,0.0026041666666666665
DUP,image,957,test/20957.png,0,0,0,0,0,0,0,0,0,,,,
DUP,image,958,test/20958.png,0,0,0,0,0,0,0,0,0,,,,
DUP,image,959,test/20959.png,1152,1152,1152,0,0,1152,0,0,0,1.0,1.0,0.0,0.0
DUP,image,960,test/20960.png,0,0,0,0,0,0,0,0,0,,,,
DUP,image,961,test/20961.png,0,0,0,0,0,0,0,0,0,,,,
DUP,image,962,test/20962.png,0,0,0,0,0,0,0,0,0,,,,
DUP,image,963,test/20963.png,0,0,0,0,0,0,0,0,0,,,,
DUP,image,964,test/20964.png,0,0,0,0,0,0,0,0,0,,,,
DUP,image,965,test/20965.png,0,0,0,0,0,0,0,0,0,,,,
DUP,image,966,test/20966.png,0,0,0,0,0,0,0,0,0,,,,
DUP,image,967,test/20967.png,0,0,0,0,0,0,0,0,0,,,,
DUP,image,968,test/20968.png,0,0,0,0,0,0,0,0,0,,,,
DUP,image,969,test/20969.png,1920,1877,1871,9,3,1868,40,0,0,0.9776041666666667,0.9744791666666667,0.0046875,0.0015625
DUP,image,970,test/20970.png,0,0,0,0,0,0,0,0,0,,,,
DUP,image,971,test/20971.png,0,0,0,0,0,0,0,0,0,,,,
DUP,image,972,test/20972.png,0,0,0,0,0,0,0,0,0,,,,
DUP,image,973,test/20973.png,0,0,0,0,0,0,0,0,0,,,,
DUP,image,974,test/20974.png,0,0,0,0,0,0,0,0,0,,,,
DUP,image,975,test/20975.png,0,0,0,0,0,0,0,0,0,,,,
DUP,image,976,test/20976.png,0,0,0,0,0,0,0,0,0,,,,
DUP,image,977,test/20977.png,0,0,0,0,0,0,0,0,0,,,,
DUP,image,978,test/20978.png,0,0,0,0,0,0,0,0,0,,,,
DUP,image,979,test/20979.png,0,0,0,0,0,0,0,0,0,,,,
DUP,image,980,test/20980.png,0,0,0,0,0,0,0,0,0,,,,
DUP,image,981,test/20981.png,0,0,0,0,0,0,0,0,0,,,,
DUP,image,982,test/20982.png,0,0,0,0,0,0,0,0,0,,,,
DUP,image,983,test/20983.png,0,0,0,0,0,0,0,0,0,,,,
DUP,image,984,test/20984.png,0,0,0,0,0,0,0,0,0,,,,
DUP,image,985,test/20985.png,0,0,0,0,0,0,0,0,0,,,,
DUP,image,986,test/20986.png,0,0,0,0,0,0,0,0,0,,,,
DUP,image,987,test/20987.png,0,0,0,0,0,0,0,0,0,,,,
DUP,image,988,test/20988.png,0,0,0,0,0,0,0,0,0,,,,
DUP,image,989,test/20989.png,0,0,0,0,0,0,0,0,0,,,,
DUP,image,990,test/20990.png,0,0,0,0,0,0,0,0,0,,,,
DUP,image,991,test/20991.png,0,0,0,0,0,0,0,0,0,,,,
DUP,image,992,test/20992.png,0,0,0,0,0,0,0,0,0,,,,
DUP,image,993,test/20993.png,0,0,0,0,0,0,0,0,0,,,,
DUP,image,994,test/20994.png,0,0,0,0,0,0,0,0,0,,,,
DUP,image,995,test/20995.png,0,0,0,0,0,0,0,0,0,,,,
DUP,image,996,test/20996.png,0,0,0,0,0,0,0,0,0,,,,
DUP,image,997,test/20997.png,0,0,0,0,0,0,0,0,0,,,,
DUP,image,998,test/20998.png,0,0,0,0,0,0,0,0,0,,,,
DUP,image,999,test/20999.png,0,0,0,0,0,0,0,0,0,,,,
DUP,image,1000,test/21000.png,0,0,0,0,0,0,0,0,0,,,,
DUP,image,1001,test/21001.png,0,0,0,0,0,0,0,0,0,,,,
DUP,image,1002,test/21002.png,0,0,0,0,0,0,0,0,0,,,,
DUP,image,1003,test/21003.png,0,0,0,0,0,0,0,0,0,,,,
DUP,aggregate,-1,__ALL__,194240,187564,187429,814,679,186750,5997,0,0,0.9656301482701812,0.9649351317957167,0.004190691927512356,0.003495675453047776
